#Step <PairEne> <EwaldEne> <ExtPotEne> <TotalEnergy> NoOfMol <Density> <Pzz> <|Rg|> <|Rgx|> <|Rgy|> <|Rgz|> <ete> beadtrans comtrans pivot crankshaft reptate insert delete
100 -nan -nan -nan -nan 36 -nan 0 -nan -nan -nan -nan -nan 0.8395 -nan 1 -nan -nan -nan -nan
200 0 6.717951 -2.242069 4.475882 36 0.000375 0 0 0 0 0 0 0.8075 1 1 -nan -nan 0.25 0.5
300 0 4.556856 -2.23899 2.317866 36 0.000375 0 0 0 0 0 0 0.7699 1 1 -nan -nan 0.1429 0.1
400 0 4.815939 -2.272083 2.543856 36 0.000375 0 0 0 0 0 0 0.7688 1 1 -nan -nan 0.1 0.07143
500 0 3.854217 -2.272575 1.581642 36 0.000375 0 0 0 0 0 0 0.7786 1 1 -nan -nan 0.06667 0.05263
600 0 3.235311 -2.272871 0.9624405 36 0.000375 0 0 0 0 0 0 0.781 1 1 -nan -nan 0.05 0.04348
700 0 2.721791 -2.252916 0.4688751 36 0.000375 0 0 0 0 0 0 0.7694 1 1 -nan -nan 0.04348 0.03846
800 0 2.558037 -2.176189 0.3818484 36 0.000375 0 0 0 0 0 0 0.7647 1 1 -nan -nan 0.03226 0.03125
900 0 2.212002 -2.173694 0.03830845 36 0.000375 0 0 0 0 0 0 0.7732 1 1 -nan -nan 0.02857 0.02564
1000 0 1.927787 -2.189877 -0.2620894 36 0.000375 8.44002e-05 0 0 0 0 0 0.763 1 1 -nan -nan 0.02564 0.025
1100 0 1.757637 -2.204716 -0.4470792 36 0.000375 8.44002e-05 0 0 0 0 0 0.7679 1 1 -nan -nan 0.02273 0.02174
1200 3.875688e-16 2.057672 -2.405808 -0.3481363 45 0.0003835 8.44002e-05 1.239 0.4861 1.12 0.2112 2.59 0.7672 1 1 -nan -nan 0.04167 0.01961
1300 3.575843e-16 1.98067 -2.40018 -0.4195097 36 0.0003828 8.44002e-05 1.186 0.4654 1.072 0.2022 2.48 0.7744 1 1 -nan 1 0.03704 0.03571
1400 3.322129e-16 1.949478 -2.334035 -0.384557 36 0.0003822 8.44002e-05 1.14 0.4471 1.03 0.1942 2.382 0.7711 1 1 -nan 1 0.03509 0.03125
1500 3.104659e-16 2.020035 -2.334338 -0.3143032 36 0.0003817 8.44002e-05 1.098 0.4309 0.9927 0.1872 2.296 0.7745 1 1 -nan 1 0.02985 0.03077
1600 2.916186e-16 2.035475 -2.334595 -0.2991201 36 0.0003813 8.44002e-05 1.061 0.4162 0.959 0.1808 2.218 0.7737 1 1 -nan 1 0.02667 0.02857
1700 2.751271e-16 2.138256 -2.32501 -0.1867546 36 0.0003809 8.44002e-05 1.027 0.403 0.9285 0.1751 2.147 0.7693 1 1 -nan 1 0.025 0.02667
1800 2.605759e-16 2.308761 -2.283978 0.02478326 36 0.0003805 8.44002e-05 0.9966 0.391 0.9008 0.1699 2.083 0.7708 1 1 -nan 1 0.02326 0.02469
1900 2.476414e-16 2.480494 -2.278274 0.2022202 36 0.0003802 8.44002e-05 0.9685 0.38 0.8754 0.1651 2.025 0.7728 1 1 -nan 1 0.02198 0.02247
2000 2.360685e-16 2.62444 -2.281432 0.3430085 36 0.0003799 4.22001e-05 0.9427 0.3698 0.8521 0.1607 1.971 0.7761 1 1 -nan 1 0.02151 0.02083
2100 2.256528e-16 2.712634 -2.284274 0.4283603 36 0.0003797 4.22001e-05 0.9188 0.3605 0.8305 0.1566 1.921 0.7722 1 1 -nan 1 0.02062 0.02
2200 2.162292e-16 2.742692 -2.286335 0.4563567 36 0.0003795 4.22001e-05 0.8967 0.3518 0.8105 0.1528 1.874 0.7752 1 1 -nan 1 0.01942 0.01869
2300 2.076622e-16 2.647487 -2.288696 0.3587904 36 0.0003793 4.22001e-05 0.8761 0.3437 0.7919 0.1493 1.831 0.7758 1 1 -nan 1 0.01869 0.01835
2400 1.998401e-16 2.476526 -2.288368 0.1881587 36 0.0003791 4.22001e-05 0.8568 0.3361 0.7745 0.146 1.791 0.777 1 1 -nan 1 0.01818 0.01754
2500 1.9267e-16 2.420988 -2.289285 0.1317029 36 0.0003789 4.22001e-05 0.8388 0.3291 0.7582 0.143 1.753 0.7751 1 1 -nan 1 0.01739 0.01667
2600 1.860734e-16 2.319913 -2.28167 0.03824283 36 0.0003788 4.22001e-05 0.8218 0.3224 0.7428 0.1401 1.718 0.7739 1 1 -nan 1 0.01667 0.016
2700 1.799842e-16 2.308147 -2.283847 0.02430034 36 0.0003786 4.22001e-05 0.8059 0.3162 0.7284 0.1374 1.685 0.771 1 1 -nan 1 0.01587 0.01527
2800 1.743461e-16 2.271592 -2.285862 -0.01426936 36 0.0003785 4.22001e-05 0.7908 0.3102 0.7148 0.1348 1.653 0.7743 1 1 -nan 1 0.01538 0.01449
2900 1.691108e-16 2.260455 -2.287733 -0.02727843 36 0.0003783 4.22001e-05 0.7765 0.3047 0.7019 0.1324 1.623 0.7753 1 1 -nan 1 0.01449 0.01429
3000 1.642364e-16 2.235843 -2.287974 -0.05213151 36 0.0003782 7.49952e-05 0.763 0.2994 0.6897 0.1301 1.595 0.7761 1 1 -nan 1 0.01449 0.0137
3100 1.596871e-16 2.33115 -2.282334 0.04881547 36 0.0003781 7.49952e-05 0.7502 0.2943 0.6781 0.1279 1.568 0.7776 1 1 -nan 1 0.01399 0.01299
3200 1.554312e-16 2.343424 -2.266332 0.07709242 36 0.000378 7.49952e-05 0.738 0.2895 0.6671 0.1258 1.543 0.7764 1 0.8889 -nan 1 0.02 0.01875
3300 1.514414e-16 2.434716 -2.247095 0.187621 36 0.0003779 7.49952e-05 0.7264 0.285 0.6566 0.1238 1.518 0.7774 1 0.8889 -nan 1 0.01974 0.01852
3400 1.468522e-16 2.455032 -2.248243 0.2067889 36 0.0003778 7.49952e-05 0.7153 0.2806 0.6466 0.1219 1.495 0.7783 1 0.8889 -nan 1 0.01887 0.01796
3500 1.42533e-16 2.41052 -2.240796 0.1697243 36 0.0003778 7.49952e-05 0.7047 0.2765 0.637 0.1201 1.473 0.7777 1 0.8889 -nan 1 0.01829 0.01744
3600 1.384607e-16 2.369717 -2.243581 0.1261361 36 0.0003777 7.49952e-05 0.6946 0.2725 0.6278 0.1184 1.452 0.7771 1 0.8889 -nan 1 0.01724 0.01734
3700 1.346145e-16 2.296026 -2.244484 0.051542 36 0.0003776 7.49952e-05 0.6848 0.2687 0.619 0.1167 1.432 0.776 1 0.8889 -nan 1 0.0163 0.01695
3800 1.309763e-16 2.167201 -2.246321 -0.07912002 36 0.0003775 7.49952e-05 0.6755 0.265 0.6106 0.1151 1.412 0.774 1 0.8889 -nan 1 0.01587 0.01648
3900 1.275296e-16 2.084167 -2.247591 -0.1634244 36 0.0003775 7.49952e-05 0.6666 0.2615 0.6025 0.1136 1.393 0.7733 1 0.8889 -nan 1 0.01538 0.01613
4000 1.242596e-16 2.007576 -2.249916 -0.2423399 36 0.0003774 5.62464e-05 0.658 0.2581 0.5947 0.1121 1.375 0.7708 1 0.8889 -nan 1 0.01508 0.01554
4100 1.211531e-16 1.979129 -2.252125 -0.2729957 36 0.0003773 5.62464e-05 0.6497 0.2549 0.5873 0.1107 1.358 0.77 1 0.8889 -nan 1 0.01485 0.01485
4200 1.181981e-16 1.990365 -2.23579 -0.2454247 36 0.0003773 5.62464e-05 0.6417 0.2518 0.5801 0.1094 1.341 0.7691 1 0.8889 -nan 1 0.01415 0.01463
4300 1.153839e-16 1.981753 -2.23823 -0.2564764 36 0.0003772 5.62464e-05 0.634 0.2488 0.5731 0.1081 1.325 0.7692 1 0.8889 -nan 1 0.01852 0.0186
4400 1.127005e-16 1.972877 -2.240556 -0.2676797 36 0.0003772 5.62464e-05 0.6266 0.2458 0.5664 0.1068 1.31 0.7692 1 0.8889 -nan 1 0.01818 0.01835
4500 1.101392e-16 1.960433 -2.242777 -0.282344 36 0.0003771 5.62464e-05 0.6195 0.243 0.5599 0.1056 1.295 0.7707 1 0.8889 -nan 1 0.0177 0.01778
4600 1.076916e-16 1.938846 -2.242486 -0.30364 36 0.0003771 5.62464e-05 0.6125 0.2403 0.5537 0.1044 1.28 0.7707 1 0.8889 -nan 1 0.01724 0.01739
4700 1.053505e-16 1.954167 -2.244568 -0.2904005 36 0.000377 5.62464e-05 0.6058 0.2377 0.5476 0.1033 1.266 0.7737 1 0.8889 -nan 1 0.01681 0.01709
4800 1.03109e-16 2.00798 -2.241162 -0.2331822 36 0.000377 5.62464e-05 0.5994 0.2351 0.5418 0.1022 1.253 0.7717 1 0.8889 -nan 1 0.0166 0.01667
4900 1.009609e-16 2.017398 -2.236934 -0.2195359 36 0.000377 5.62464e-05 0.5931 0.2327 0.5361 0.1011 1.24 0.7726 1 0.8889 -nan 1 0.02016 0.02016
5000 9.890048e-17 1.97882 -2.238997 -0.260177 36 0.0003769 4.6068e-05 0.587 0.2303 0.5306 0.1001 1.227 0.7728 1 0.8889 -nan 1 0.01969 0.01992
5100 9.692247e-17 1.939723 -2.232684 -0.2929616 36 0.0003769 4.6068e-05 0.5811 0.228 0.5253 0.09905 1.215 0.7735 1 0.8889 -nan 1 0.01938 0.01976
5200 9.502203e-17 1.908088 -2.23467 -0.3265821 36 0.0003768 4.6068e-05 0.5754 0.2257 0.5201 0.09807 1.203 0.7704 1 0.8889 -nan 1 0.01894 0.01946
5300 9.319468e-17 1.805916 -2.233965 -0.4280492 36 0.0003768 4.6068e-05 0.5698 0.2236 0.5151 0.09712 1.191 0.7687 1 0.8889 -nan 1 0.01859 0.01931
5400 9.143629e-17 1.706201 -2.231907 -0.5257069 36 0.0003768 4.6068e-05 0.5644 0.2214 0.5102 0.0962 1.18 0.7684 1 0.8889 -nan 1 0.01832 0.01908
5500 8.974303e-17 1.710608 -2.233877 -0.5232694 36 0.0003767 4.6068e-05 0.5592 0.2194 0.5054 0.09531 1.169 0.7687 1 0.8889 -nan 1 0.01805 0.01873
5600 8.811134e-17 1.720049 -2.235417 -0.5153688 36 0.0003767 4.6068e-05 0.5541 0.2174 0.5008 0.09444 1.158 0.7683 1 0.8889 -nan 1 0.01761 0.01838
5700 8.653792e-17 1.738838 -2.237253 -0.4984147 36 0.0003767 4.6068e-05 0.5491 0.2154 0.4963 0.09359 1.148 0.7687 1 0.8889 -nan 1 0.01718 0.01812
5800 8.501971e-17 1.770488 -2.23863 -0.4681426 36 0.0003766 4.6068e-05 0.5443 0.2135 0.492 0.09277 1.138 0.7694 1 0.8889 -nan 1 0.01689 0.01748
5900 8.355385e-17 1.814417 -2.240032 -0.4256145 36 0.0003766 4.6068e-05 0.5395 0.2117 0.4877 0.09196 1.128 0.7688 1 0.8889 -nan 1 0.01667 0.01718
6000 8.213769e-17 1.837454 -2.241386 -0.4039318 36 0.0003766 5.04801e-05 0.535 0.2099 0.4835 0.09118 1.118 0.7694 1 0.8889 -nan 1 0.01639 0.01661
6100 8.076873e-17 1.814813 -2.242686 -0.4278731 36 0.0003766 5.04801e-05 0.5305 0.2081 0.4795 0.09042 1.109 0.7694 1 0.8889 -nan 1 0.01603 0.01639
6200 7.944465e-17 1.771322 -2.24385 -0.4725276 36 0.0003765 5.04801e-05 0.5261 0.2064 0.4756 0.08967 1.1 0.7688 1 0.8889 -nan 1 0.01572 0.01608
6300 7.816328e-17 1.717766 -2.245372 -0.5276061 36 0.0003765 5.04801e-05 0.5219 0.2047 0.4717 0.08895 1.091 0.7676 1 0.8889 -nan 1 0.01558 0.01592
6400 7.69226e-17 1.687061 -2.244586 -0.5575243 36 0.0003765 5.04801e-05 0.5177 0.2031 0.4679 0.08824 1.082 0.7668 1 0.8889 -nan 1 0.01529 0.01543
6500 7.572068e-17 1.683039 -2.243611 -0.5605718 36 0.0003765 5.04801e-05 0.5136 0.2015 0.4643 0.08755 1.074 0.7655 1 0.8889 -nan 1 0.01515 0.01511
6600 7.455575e-17 1.679565 -2.244886 -0.5653207 36 0.0003764 5.04801e-05 0.5097 0.2 0.4607 0.08687 1.065 0.7649 1 0.8889 -nan 1 0.01497 0.01479
6700 7.342611e-17 1.636591 -2.24619 -0.6095995 36 0.0003764 5.04801e-05 0.5058 0.1984 0.4572 0.08621 1.057 0.7644 1 0.8889 -nan 1 0.01479 0.01441
6800 7.23302e-17 1.659968 -2.24602 -0.5860513 36 0.0003764 5.04801e-05 0.502 0.1969 0.4538 0.08556 1.049 0.7644 1 0.8889 -nan 1 0.01458 0.01416
6900 7.126652e-17 1.603433 -2.245538 -0.642105 36 0.0003764 5.04801e-05 0.4983 0.1955 0.4504 0.08493 1.042 0.764 1 0.8889 -nan 1 0.01441 0.01385
7000 7.023367e-17 1.575753 -2.244888 -0.669135 36 0.0003764 9.65369e-05 0.4947 0.1941 0.4471 0.08431 1.034 0.7639 1 0.8889 -nan 1 0.01412 0.01359
7100 6.923034e-17 1.523878 -2.228658 -0.7047802 36 0.0003763 9.65369e-05 0.4911 0.1927 0.4439 0.08371 1.027 0.7619 1 0.8889 -nan 1 0.01385 0.0134
7200 6.825526e-17 1.483019 -2.230193 -0.7471741 36 0.0003763 9.65369e-05 0.4877 0.1913 0.4408 0.08312 1.019 0.7607 1 0.8889 -nan 1 0.01362 0.01312
7300 6.730727e-17 1.472423 -2.23164 -0.7592174 36 0.0003763 9.65369e-05 0.4843 0.19 0.4377 0.08254 1.012 0.7605 1 0.8889 -nan 1 0.01355 0.01295
7400 6.638525e-17 1.450935 -2.231408 -0.7804735 36 0.0003763 9.65369e-05 0.4809 0.1887 0.4347 0.08197 1.005 0.7609 1 0.8889 -nan 1 0.01337 0.01285
7500 6.548816e-17 1.432411 -2.194671 -0.76226 36 0.0003763 9.65369e-05 0.4777 0.1874 0.4318 0.08142 0.9985 0.7616 1 0.8889 -nan 1 0.01316 0.01279
7600 6.461498e-17 1.437815 -2.189615 -0.7517994 36 0.0003763 9.65369e-05 0.4745 0.1861 0.4289 0.08087 0.9918 0.7617 1 0.8889 -nan 1 0.01305 0.01266
7700 6.376478e-17 1.442902 -2.190973 -0.7480711 36 0.0003762 9.65369e-05 0.4713 0.1849 0.426 0.08034 0.9853 0.7612 1 0.8889 -nan 1 0.01292 0.01244
7800 6.293667e-17 1.483115 -2.192297 -0.7091814 36 0.0003762 9.65369e-05 0.4683 0.1837 0.4233 0.07981 0.9789 0.7614 1 0.8889 -nan 1 0.01276 0.01235
7900 6.212979e-17 1.492554 -2.194168 -0.7016139 36 0.0003762 9.65369e-05 0.4653 0.1825 0.4205 0.0793 0.9726 0.7617 1 0.8889 -nan 1 0.01515 0.01463
8000 6.134334e-17 1.51455 -2.195992 -0.6814422 36 0.0003762 8.44697e-05 0.4623 0.1814 0.4179 0.0788 0.9664 0.7617 1 0.8 -nan 1 0.01733 0.01691
8100 6.057654e-17 1.549533 -2.197771 -0.648238 36 0.0003762 8.44697e-05 0.4594 0.1802 0.4153 0.0783 0.9603 0.7608 1 0.8 -nan 1 0.0172 0.01687
8200 5.982869e-17 1.601008 -2.199368 -0.5983601 36 0.0003762 8.44697e-05 0.4566 0.1791 0.4127 0.07782 0.9544 0.761 1 0.8 -nan 1 0.01711 0.01671
8300 7.846027e-17 1.618071 -2.226404 -0.6083337 45 0.0003773 8.44697e-05 0.6533 0.3719 0.5249 0.1142 1.639 0.7607 1 0.7273 -nan 1 0.02143 0.01882
8400 0.002744238 1.656703 -2.252794 -0.5933462 45 0.0003784 8.44697e-05 0.8058 0.5646 0.5327 0.2163 2.028 0.7608 1 0.6667 -nan 0.6667 0.02358 0.02074
8500 0.002711569 1.642985 -2.253811 -0.6081146 36 0.0003783 8.44697e-05 0.801 0.5613 0.5295 0.215 2.016 0.7599 1 0.6667 -nan 0.6667 0.0232 0.02283
8600 0.002679668 1.658051 -2.254805 -0.594074 36 0.0003783 8.44697e-05 0.7963 0.558 0.5264 0.2138 2.004 0.7601 1 0.6667 -nan 0.6667 0.02299 0.02242
8700 0.003528136 1.685425 -2.274384 -0.585431 45 0.0003794 8.44697e-05 0.8875 0.5902 0.5623 0.3509 2.166 0.7597 0.75 0.7143 -nan 0.8 0.02489 0.02212
8800 0.005373692 1.734929 -2.299009 -0.558706 45 0.0003804 8.44697e-05 0.9609 0.6233 0.5994 0.419 2.329 0.7604 0.8182 0.6875 -nan 0.6923 0.0245 0.02188
8900 0.005312627 1.801183 -2.323074 -0.5165777 45 0.0003814 8.44697e-05 1.027 0.6491 0.6029 0.5195 2.513 0.7618 0.6429 0.6316 -nan 0.5714 0.02428 0.02179
9000 0.005252935 1.820299 -2.323245 -0.497693 36 0.0003813 7.50842e-05 1.021 0.6455 0.5995 0.5166 2.499 0.7607 0.6429 0.6667 -nan 0.5714 0.02412 0.02361
9100 0.005194569 1.847056 -2.323224 -0.4709736 36 0.0003813 7.50842e-05 1.016 0.6419 0.5961 0.5137 2.485 0.7615 0.6429 0.6667 -nan 0.5714 0.02391 0.0235
9200 0.005137486 1.863797 -2.323345 -0.4544109 36 0.0003812 7.50842e-05 1.01 0.6384 0.5929 0.5109 2.471 0.7621 0.6429 0.6667 -nan 0.5714 0.02371 0.02311
9300 0.005081643 1.943264 -2.33759 -0.3892437 45 0.0003821 7.50842e-05 1.056 0.6551 0.6085 0.5628 2.551 0.7615 0.6 0.6538 -nan 0.5455 0.02553 0.02296
9400 0.005027002 1.954842 -2.337597 -0.3777279 36 0.0003821 7.50842e-05 1.051 0.6515 0.6052 0.5597 2.538 0.7621 0.6 0.6538 -nan 0.5455 0.02516 0.02474
9500 0.004973523 1.966751 -2.33464 -0.3629155 36 0.000382 7.50842e-05 1.045 0.6481 0.6019 0.5568 2.524 0.7632 0.6 0.6538 -nan 0.5455 0.02484 0.02439
9600 0.00492117 1.957427 -2.319599 -0.3572514 36 0.0003819 7.50842e-05 1.04 0.6446 0.5988 0.5538 2.511 0.7628 0.6 0.6538 -nan 0.5455 0.02444 0.02424
9700 0.004869908 1.905923 -2.319604 -0.4088109 36 0.0003818 7.50842e-05 1.034 0.6413 0.5956 0.5509 2.498 0.7627 0.6 0.6538 -nan 0.5455 0.0241 0.024
9800 0.004819703 1.883117 -2.319741 -0.4318047 36 0.0003818 7.50842e-05 1.029 0.638 0.5926 0.5481 2.485 0.7625 0.6 0.6538 -nan 0.5455 0.024 0.0239
9900 0.004770522 1.873073 -2.319534 -0.4416902 36 0.0003817 7.50842e-05 1.024 0.6347 0.5895 0.5453 2.472 0.7615 0.6 0.6538 -nan 0.5455 0.02376 0.02353
10000 0.004722335 1.838196 -2.319621 -0.476703 36 0.0003816 7.23237e-05 1.018 0.6315 0.5866 0.5425 2.459 0.7616 0.6 0.6538 -nan 0.5455 0.02544 0.02519
