#Step <PairEne> <EwaldEne> <ExtPotEne> <TotalEnergy> <Pzz> <|Rg|> <|Rgx|> <|Rgy|> <|Rgz|> <ete> beadtrans comtrans pivot crankshaft reptate
100 -nan -nan -nan -nan 0 -nan -nan -nan -nan -nan 0.5233 0.25 0.1667 -nan 0.25
200 3.125704 -8.510566 -18.88499 -24.26985 0 7.626 3.981 5.299 3.772 21.89 0.5941 0.2 0.1429 -nan 0.3636
300 1.711673 -6.070731 -18.53542 -22.89448 0 7.543 3.953 5.167 3.818 21.45 0.6008 0.1429 0.1429 -nan 0.5789
400 1.850446 -6.178277 -18.38969 -22.71752 0 7.569 3.99 5.201 3.784 21.62 0.6217 0.1818 0.16 -nan 0.5652
500 1.970852 -5.019063 -17.9673 -21.01551 0 7.564 4.007 5.185 3.779 21.63 0.6236 0.1667 0.2 -nan 0.56
600 1.824065 -3.785201 -17.94533 -19.90647 0 7.548 3.99 5.171 3.784 21.49 0.6238 0.1538 0.2121 -nan 0.5152
700 1.593498 -1.28536 -17.66139 -17.35325 0 7.519 3.961 5.153 3.781 21.29 0.6232 0.2143 0.2162 -nan 0.5
800 1.428807 0.9354181 -17.45858 -15.09435 0 7.489 3.923 5.147 3.769 21.02 0.6309 0.25 0.1905 -nan 0.4419
900 1.320645 2.280647 -17.47 -13.86871 0 7.474 3.911 5.131 3.773 20.9 0.6307 0.2353 0.2245 -nan 0.4565
1000 1.308934 3.425519 -17.50431 -12.76986 0.00309898 7.466 3.909 5.115 3.781 20.86 0.6337 0.25 0.2115 -nan 0.449
1100 1.420905 3.313189 -17.54048 -12.80638 0.00309898 7.463 3.917 5.101 3.788 20.88 0.6398 0.25 0.2 -nan 0.4464
1200 1.490145 3.504727 -17.57072 -12.57585 0.00309898 7.472 3.934 5.095 3.793 20.79 0.6399 0.2174 0.2143 -nan 0.4444
1300 1.514938 3.977731 -17.59816 -12.10549 0.00309898 7.472 3.962 5.072 3.796 20.71 0.6333 0.24 0.2069 -nan 0.4493
1400 1.609002 4.285065 -17.6973 -11.80324 0.00309898 7.471 3.979 5.062 3.789 20.6 0.6334 0.2667 0.1935 -nan 0.4667
1500 1.700553 4.459577 -17.7802 -11.62007 0.00309898 7.473 3.991 5.06 3.783 20.54 0.6348 0.25 0.209 -nan 0.4444
1600 1.665244 4.949764 -17.85204 -11.23703 0.00309898 7.468 4.002 5.053 3.772 20.49 0.6357 0.25 0.2174 -nan 0.4253
1700 1.634348 5.487218 -17.90689 -10.78533 0.00309898 7.465 4.018 5.043 3.762 20.46 0.6381 0.25 0.2113 -nan 0.4222
1800 1.655971 5.635172 -17.95735 -10.6662 0.00309898 7.463 4.037 5.033 3.751 20.44 0.6382 0.2308 0.2078 -nan 0.413
1900 1.706288 5.764163 -18.00219 -10.53174 0.00309898 7.465 4.047 5.034 3.743 20.36 0.6351 0.2326 0.1975 -nan 0.4271
2000 1.784152 5.690275 -18.04907 -10.57464 0.0016572 7.473 4.053 5.043 3.739 20.32 0.6379 0.2222 0.2048 -nan 0.4242
2100 1.760787 5.876881 -18.09464 -10.45697 0.0016572 7.485 4.068 5.05 3.739 20.32 0.6372 0.25 0.2111 -nan 0.4135
2200 1.741763 6.237682 -18.13524 -10.15579 0.0016572 7.494 4.081 5.051 3.741 20.3 0.6345 0.24 0.2088 -nan 0.4074
2300 1.712227 6.5718 -18.16409 -9.880065 0.0016572 7.503 4.103 5.045 3.742 20.32 0.6378 0.2353 0.2065 -nan 0.4144
2400 1.6751 7.125882 -18.19864 -9.397663 0.0016572 7.511 4.127 5.036 3.745 20.36 0.6402 0.2642 0.2 -nan 0.4196
2500 1.657845 7.467395 -18.17387 -9.048631 0.0016572 7.517 4.154 5.022 3.747 20.4 0.642 0.2593 0.21 -nan 0.4103
2600 1.613608 7.865031 -18.15108 -8.672441 0.0016572 7.522 4.177 5.009 3.748 20.42 0.6457 0.2679 0.2178 -nan 0.4
2700 1.576536 8.442234 -18.16986 -8.15109 0.0016572 7.523 4.195 5.004 3.736 20.44 0.6482 0.2632 0.2075 -nan 0.4032
2800 1.545662 9.048112 -18.18161 -7.587839 0.0016572 7.523 4.212 4.995 3.73 20.44 0.652 0.2667 0.2143 -nan 0.408
2900 1.502468 9.511727 -18.19253 -7.178333 0.0016572 7.519 4.228 4.981 3.721 20.43 0.6541 0.254 0.2373 -nan 0.4031
3000 1.462253 10.03233 -18.2192 -6.724614 0.0011048 7.512 4.244 4.963 3.714 20.39 0.6531 0.2656 0.2314 -nan 0.403
3100 1.456536 10.48466 -18.24409 -6.302897 0.0011048 7.503 4.256 4.945 3.706 20.34 0.6537 0.2727 0.232 -nan 0.4056
3200 1.450105 10.78599 -18.26738 -6.031284 0.0011048 7.494 4.264 4.927 3.701 20.25 0.6541 0.2836 0.2362 -nan 0.4082
3300 1.469604 11.17317 -18.28913 -5.646349 0.0011048 7.485 4.269 4.913 3.697 20.16 0.6522 0.3043 0.2326 -nan 0.4013
3400 1.430681 11.67403 -18.30954 -5.204829 0.0011048 7.474 4.274 4.894 3.693 20.08 0.651 0.3 0.2308 -nan 0.4076
3500 1.404544 11.98422 -18.311 -4.922234 0.0011048 7.47 4.276 4.887 3.692 20.04 0.6511 0.3288 0.2426 -nan 0.4085
3600 1.483604 12.39111 -18.31237 -4.437656 0.0011048 7.467 4.276 4.885 3.689 20.03 0.6514 0.3467 0.2482 -nan 0.4072
3700 1.548765 12.74508 -18.31011 -4.016265 0.0011048 7.464 4.275 4.883 3.686 20.02 0.6523 0.3506 0.2464 -nan 0.4024
3800 1.582021 13.07373 -18.31323 -3.657479 0.0011048 7.459 4.276 4.877 3.683 20.03 0.6518 0.3544 0.2429 -nan 0.4171
3900 1.606292 13.27586 -18.3162 -3.434047 0.0011048 7.454 4.278 4.873 3.676 20.03 0.65 0.35 0.2448 -nan 0.4111
4000 1.611693 13.59915 -18.3316 -3.120765 0.000867178 7.449 4.281 4.867 3.67 20.04 0.6509 0.3614 0.2381 -nan 0.4086
4100 1.631949 13.88187 -18.33697 -2.82315 0.000867178 7.439 4.283 4.853 3.667 20.01 0.6524 0.3571 0.2372 -nan 0.4127
4200 1.592622 14.24998 -18.34534 -2.502743 0.000867178 7.431 4.287 4.842 3.661 19.99 0.6547 0.3647 0.2375 -nan 0.4271
4300 1.602957 14.6169 -18.33447 -2.11461 0.000867178 7.423 4.284 4.837 3.655 19.97 0.6557 0.3793 0.2349 -nan 0.4307
4400 1.627524 14.85574 -18.3318 -1.848538 0.000867178 7.416 4.281 4.832 3.65 19.96 0.6561 0.3708 0.2384 -nan 0.4307
4500 1.61375 15.02217 -18.3288 -1.692873 0.000867178 7.405 4.281 4.817 3.647 19.92 0.6545 0.3736 0.2391 -nan 0.4293
4600 1.608169 15.22558 -18.30781 -1.47406 0.000867178 7.395 4.274 4.808 3.647 19.89 0.6541 0.3763 0.2406 -nan 0.4292
4700 1.585091 15.4717 -18.28521 -1.228421 0.000867178 7.389 4.277 4.792 3.652 19.86 0.6527 0.3723 0.2408 -nan 0.4332
4800 1.564056 15.78674 -18.28619 -0.9354014 0.000867178 7.381 4.281 4.774 3.654 19.83 0.653 0.375 0.2424 -nan 0.4395
4900 1.551054 16.04616 -18.29614 -0.6989261 0.000867178 7.37 4.282 4.753 3.659 19.79 0.6543 0.3737 0.2376 -nan 0.443
5000 1.560009 16.1474 -18.30164 -0.5942349 0.000913599 7.36 4.282 4.734 3.664 19.75 0.6544 0.3762 0.2427 -nan 0.4416
5100 1.644005 16.1889 -18.30769 -0.4747897 0.000913599 7.349 4.282 4.715 3.667 19.71 0.6522 0.3619 0.2452 -nan 0.4364
5200 1.674158 16.29388 -18.3134 -0.345363 0.000913599 7.339 4.282 4.697 3.669 19.67 0.6518 0.3611 0.2417 -nan 0.4321
5300 1.732162 16.36184 -18.32143 -0.227426 0.000913599 7.332 4.283 4.678 3.678 19.62 0.6523 0.3611 0.2374 -nan 0.4332
5400 1.725375 16.35292 -18.32005 -0.2417507 0.000913599 7.325 4.283 4.661 3.687 19.57 0.653 0.3514 0.2342 -nan 0.4315
5500 1.720585 16.28611 -18.31779 -0.3110945 0.000913599 7.317 4.279 4.645 3.694 19.51 0.653 0.3509 0.2321 -nan 0.4286
5600 1.712816 16.23911 -18.31569 -0.3637709 0.000913599 7.312 4.28 4.63 3.703 19.46 0.6524 0.3478 0.2345 -nan 0.4336
5700 1.690677 16.20139 -18.31352 -0.4214528 0.000913599 7.306 4.281 4.612 3.712 19.43 0.6534 0.3529 0.2391 -nan 0.4368
5800 1.668966 16.14412 -18.31141 -0.4983229 0.000913599 7.3 4.282 4.594 3.721 19.39 0.6553 0.3554 0.2381 -nan 0.4286
5900 1.679846 16.02125 -18.30752 -0.6064269 0.000913599 7.295 4.285 4.577 3.729 19.37 0.6535 0.3607 0.2361 -nan 0.4275
6000 1.679393 15.86673 -18.30378 -0.7576635 0.0011439 7.293 4.289 4.563 3.737 19.35 0.6529 0.352 0.2331 -nan 0.4291
6100 1.707801 15.75019 -18.29846 -0.8404665 0.0011439 7.289 4.29 4.549 3.745 19.33 0.653 0.3571 0.2449 -nan 0.4265
6200 1.734873 15.76067 -18.29434 -0.7987963 0.0011439 7.285 4.288 4.535 3.758 19.31 0.652 0.3543 0.248 -nan 0.4255
6300 1.778974 15.79132 -18.29782 -0.7275315 0.0011439 7.281 4.285 4.52 3.771 19.29 0.6513 0.3488 0.248 -nan 0.4225
6400 1.777585 15.84443 -18.30177 -0.6797603 0.0011439 7.277 4.282 4.506 3.783 19.27 0.6514 0.3488 0.2423 -nan 0.4231
6500 1.780814 15.91567 -18.3056 -0.6091177 0.0011439 7.272 4.279 4.491 3.795 19.26 0.6515 0.3488 0.2377 -nan 0.4207
6600 1.776432 15.97719 -18.31413 -0.5605086 0.0011439 7.269 4.277 4.478 3.807 19.24 0.6508 0.3462 0.2362 -nan 0.4178
6700 1.758198 16.00522 -18.32228 -0.5588689 0.0011439 7.264 4.273 4.466 3.816 19.24 0.651 0.3485 0.2327 -nan 0.4161
6800 1.746771 16.04906 -18.33007 -0.5342418 0.0011439 7.261 4.271 4.454 3.827 19.23 0.6503 0.3534 0.231 -nan 0.4139
6900 1.779968 16.15561 -18.33775 -0.4021742 0.0011439 7.258 4.271 4.442 3.834 19.21 0.6508 0.3534 0.2349 -nan 0.4169
7000 1.812203 16.21716 -18.34533 -0.3159624 0.00102264 7.257 4.274 4.435 3.838 19.2 0.6511 0.3507 0.2316 -nan 0.4209
7100 1.84494 16.40285 -18.34939 -0.1015975 0.00102264 7.254 4.274 4.427 3.841 19.18 0.6509 0.3456 0.2292 -nan 0.4219
7200 1.860191 16.60814 -18.34851 0.1198243 0.00102264 7.252 4.275 4.42 3.843 19.17 0.6516 0.3546 0.2302 -nan 0.4198
7300 1.878019 16.76134 -18.34797 0.2913897 0.00102264 7.251 4.277 4.415 3.845 19.17 0.6527 0.3611 0.2305 -nan 0.419
7400 1.900502 16.80455 -18.34772 0.3573327 0.00102264 7.249 4.279 4.411 3.846 19.17 0.6527 0.3655 0.2308 -nan 0.4177
7500 1.896429 16.80355 -18.34853 0.351449 0.00102264 7.247 4.275 4.409 3.848 19.15 0.6529 0.363 0.2303 -nan 0.423
7600 1.90627 16.72759 -18.34931 0.2845498 0.00102264 7.244 4.27 4.408 3.849 19.14 0.6536 0.363 0.2258 -nan 0.4222
7700 1.89748 16.72206 -18.34983 0.2697062 0.00102264 7.241 4.265 4.407 3.849 19.13 0.6535 0.3758 0.2254 -nan 0.4209
7800 1.894626 16.80973 -18.35783 0.3465234 0.00102264 7.238 4.259 4.408 3.848 19.11 0.6541 0.375 0.2264 -nan 0.4176
7900 1.890987 16.81906 -18.36563 0.3444167 0.00102264 7.236 4.255 4.408 3.85 19.1 0.6545 0.375 0.2257 -nan 0.4162
8000 1.876177 16.82149 -18.37323 0.3244452 0.00089481 7.234 4.251 4.407 3.852 19.09 0.6548 0.3677 0.2284 -nan 0.4155
8100 1.876427 16.82566 -18.38064 0.3214486 0.00089481 7.234 4.248 4.408 3.854 19.09 0.6539 0.3718 0.231 -nan 0.4209
8200 1.876961 16.82659 -18.38786 0.3156878 0.00089481 7.232 4.242 4.41 3.855 19.08 0.6551 0.3734 0.2299 -nan 0.4234
8300 1.912944 16.70597 -18.39106 0.2278492 0.00089481 7.232 4.24 4.411 3.856 19.08 0.6556 0.3665 0.2301 -nan 0.4215
8400 1.97662 16.57664 -18.39385 0.1594136 0.00089481 7.234 4.242 4.41 3.858 19.09 0.6558 0.3704 0.2303 -nan 0.4239
8500 1.986342 16.53229 -18.394 0.1246365 0.00089481 7.235 4.248 4.41 3.854 19.1 0.6558 0.372 0.2283 -nan 0.4263
8600 1.979366 16.55156 -18.39415 0.1367789 0.00089481 7.236 4.253 4.41 3.85 19.1 0.6557 0.3675 0.2264 -nan 0.4229
8700 1.968323 16.57933 -18.39713 0.1505277 0.00089481 7.236 4.258 4.408 3.847 19.1 0.6562 0.3653 0.2273 -nan 0.4263
8800 1.980234 16.56671 -18.40004 0.1469017 0.00089481 7.237 4.264 4.407 3.843 19.11 0.6558 0.3669 0.2254 -nan 0.4282
8900 1.970749 16.66038 -18.40289 0.2282416 0.00089481 7.236 4.268 4.404 3.84 19.11 0.6561 0.3647 0.2241 -nan 0.4289
9000 1.961477 16.7218 -18.40565 0.2776239 0.00088676 7.237 4.273 4.402 3.839 19.11 0.6558 0.3584 0.2222 -nan 0.4322
9100 1.951298 16.82025 -18.40836 0.3631928 0.00088676 7.237 4.277 4.4 3.838 19.11 0.656 0.3563 0.2253 -nan 0.4315
9200 1.9312 16.8717 -18.40203 0.4008703 0.00088676 7.239 4.279 4.4 3.839 19.12 0.6573 0.36 0.2255 -nan 0.4322
9300 1.911222 16.90792 -18.39443 0.424709 0.00088676 7.24 4.28 4.4 3.841 19.13 0.656 0.3631 0.227 -nan 0.4328
9400 1.895133 16.96243 -18.3689 0.4886593 0.00088676 7.241 4.278 4.4 3.844 19.14 0.6557 0.3571 0.224 -nan 0.4321
9500 1.891464 17.02427 -18.36934 0.5463947 0.00088676 7.242 4.276 4.399 3.847 19.15 0.6568 0.3607 0.2231 -nan 0.4338
9600 1.882083 17.08677 -18.36977 0.5990842 0.00088676 7.243 4.274 4.399 3.851 19.16 0.657 0.3587 0.2245 -nan 0.4331
9700 1.873245 17.19503 -18.36995 0.698328 0.00088676 7.243 4.272 4.4 3.854 19.16 0.6564 0.3564 0.2222 -nan 0.4337
9800 1.869152 17.3119 -18.36736 0.8136918 0.00088676 7.244 4.269 4.4 3.858 19.17 0.6562 0.3613 0.2231 -nan 0.4313
9900 1.884349 17.43244 -18.37321 0.9435801 0.00088676 7.246 4.265 4.401 3.865 19.17 0.6564 0.3622 0.2203 -nan 0.4343
10000 1.920216 17.607 -18.37919 1.148027 0.000798084 7.247 4.261 4.4 3.873 19.17 0.657 0.3618 0.2203 -nan 0.4326
