#Step <PairEne> <EwaldEne> <TotalEnergy> <Pzz> <|Rg|> <|Rgx|> <|Rgy|> <|Rgz|> <ete> beadtrans comtrans pivot crankshaft reptate
100 -nan -nan -nan 0 -nan -nan -nan -nan -nan 0.6737 -nan 0 -nan -nan
200 2.188792 76.92858 79.11737 0 7.269 4.472 4.071 4.034 19.86 0.6684 -nan 0 -nan -nan
300 3.633255 77.62008 81.25334 0 7.27 4.473 4.07 4.034 19.86 0.6376 -nan 0.07692 -nan -nan
400 5.276302 75.3385 80.6148 0 7.272 4.476 4.07 4.035 19.86 0.6273 -nan 0.1053 -nan -nan
500 5.769825 74.98955 80.75938 0 7.273 4.477 4.07 4.036 19.86 0.6316 -nan 0.08 -nan -nan
600 6.034373 75.0191 81.05348 0 7.273 4.477 4.07 4.036 19.87 0.6394 -nan 0.07692 -nan -nan
700 6.499697 74.27158 80.77128 0 7.273 4.478 4.07 4.036 19.87 0.6336 -nan 0.05882 -nan -nan
800 6.820117 73.50725 80.32737 0 7.274 4.478 4.069 4.036 19.87 0.6219 -nan 0.04878 -nan -nan
900 6.677023 73.96991 80.64693 0 7.274 4.479 4.069 4.036 19.87 0.6047 -nan 0.04444 -nan -nan
1000 6.702246 75.10717 81.80942 0.000893236 7.277 4.483 4.069 4.038 19.88 0.62 -nan 0.08 -nan -nan
1100 6.740495 75.34488 82.08538 0.000893236 7.279 4.486 4.07 4.038 19.88 0.6264 -nan 0.1071 -nan -nan
1200 7.110062 75.35542 82.46548 0.000893236 7.28 4.487 4.07 4.038 19.87 0.6251 -nan 0.1311 -nan -nan
1300 7.492258 75.01297 82.50523 0.000893236 7.28 4.486 4.069 4.039 19.86 0.6272 -nan 0.1515 -nan -nan
1400 7.755651 74.57096 82.32661 0.000893236 7.279 4.485 4.068 4.04 19.86 0.6324 -nan 0.1493 -nan -nan
1500 7.742525 74.29002 82.03254 0.000893236 7.279 4.484 4.068 4.041 19.85 0.631 -nan 0.1449 -nan -nan
1600 7.596532 74.16448 81.76101 0.000893236 7.279 4.484 4.067 4.042 19.84 0.6308 -nan 0.1333 -nan -nan
1700 7.474656 74.0135 81.48815 0.000893236 7.279 4.483 4.067 4.042 19.84 0.6259 -nan 0.15 -nan -nan
1800 7.499818 74.20941 81.70923 0.000893236 7.279 4.483 4.067 4.043 19.83 0.6275 -nan 0.1463 -nan -nan
1900 7.492817 74.43963 81.93245 0.000893236 7.278 4.482 4.066 4.043 19.83 0.6272 -nan 0.1548 -nan -nan
2000 7.591271 74.174 81.76527 0.00082697 7.277 4.483 4.065 4.042 19.83 0.6253 -nan 0.1573 -nan -nan
2100 7.737799 73.73512 81.47291 0.00082697 7.277 4.482 4.065 4.043 19.82 0.6239 -nan 0.1837 -nan -nan
2200 7.847001 73.58367 81.43067 0.00082697 7.276 4.479 4.064 4.044 19.82 0.6254 -nan 0.1863 -nan -nan
2300 7.873974 73.81689 81.69087 0.00082697 7.276 4.478 4.064 4.046 19.82 0.6247 -nan 0.2056 -nan -nan
2400 7.802568 74.13934 81.94191 0.00082697 7.276 4.477 4.062 4.049 19.81 0.6268 -nan 0.2051 -nan -nan
2500 7.789321 74.45195 82.24127 0.00082697 7.276 4.477 4.059 4.052 19.81 0.6267 -nan 0.1983 -nan -nan
2600 7.911916 74.53175 82.44367 0.00082697 7.276 4.476 4.057 4.055 19.8 0.6265 -nan 0.1905 -nan -nan
2700 7.98017 74.47704 82.45721 0.00082697 7.276 4.475 4.055 4.058 19.8 0.6278 -nan 0.186 -nan -nan
2800 8.012245 74.52298 82.53523 0.00082697 7.277 4.477 4.053 4.06 19.8 0.6294 -nan 0.1866 -nan -nan
2900 7.994704 74.35743 82.35214 0.00082697 7.278 4.479 4.051 4.062 19.8 0.6311 -nan 0.1884 -nan -nan
3000 7.956675 74.07962 82.0363 0.000797884 7.28 4.482 4.049 4.064 19.8 0.6313 -nan 0.1944 -nan -nan
3100 7.927506 73.77518 81.70269 0.000797884 7.281 4.483 4.047 4.065 19.8 0.6305 -nan 0.2041 -nan -nan
3200 7.888968 73.56768 81.45665 0.000797884 7.281 4.485 4.045 4.067 19.8 0.6327 -nan 0.2053 -nan -nan
3300 7.860166 73.2311 81.09127 0.000797884 7.281 4.484 4.044 4.068 19.79 0.6321 -nan 0.2065 -nan -nan
3400 7.797037 72.91736 80.71439 0.000797884 7.281 4.484 4.042 4.07 19.79 0.6326 -nan 0.2025 -nan -nan
3500 7.717323 72.93379 80.65111 0.000797884 7.281 4.483 4.041 4.071 19.79 0.6339 -nan 0.2061 -nan -nan
3600 7.683388 72.92371 80.6071 0.000797884 7.28 4.483 4.041 4.072 19.78 0.6341 -nan 0.2036 -nan -nan
3700 7.624582 72.81002 80.4346 0.000797884 7.281 4.482 4.041 4.073 19.78 0.6327 -nan 0.2151 -nan -nan
3800 7.570167 72.96369 80.53386 0.000797884 7.279 4.48 4.043 4.072 19.78 0.6328 -nan 0.2171 -nan -nan
3900 7.558539 73.09537 80.65391 0.000797884 7.278 4.477 4.043 4.071 19.77 0.6315 -nan 0.2222 -nan -nan
4000 7.524571 73.06363 80.5882 0.000866739 7.276 4.475 4.044 4.07 19.76 0.6304 -nan 0.2198 -nan -nan
4100 7.574846 73.09341 80.66826 0.000866739 7.275 4.473 4.045 4.069 19.75 0.63 -nan 0.2312 -nan -nan
4200 7.596243 73.26428 80.86053 0.000866739 7.274 4.471 4.045 4.068 19.75 0.6301 -nan 0.2304 -nan -nan
4300 7.667203 73.33962 81.00682 0.000866739 7.273 4.468 4.047 4.068 19.75 0.6314 -nan 0.2332 -nan -nan
4400 7.696363 73.69173 81.38809 0.000866739 7.271 4.465 4.048 4.068 19.74 0.6299 -nan 0.2338 -nan -nan
4500 7.653799 74.02252 81.67632 0.000866739 7.271 4.463 4.05 4.067 19.73 0.6297 -nan 0.2353 -nan -nan
4600 7.65582 74.19183 81.84765 0.000866739 7.27 4.462 4.051 4.066 19.73 0.6292 -nan 0.2381 -nan -nan
4700 7.630959 74.47679 82.10775 0.000866739 7.269 4.46 4.053 4.065 19.72 0.6311 -nan 0.2383 -nan -nan
4800 7.614837 74.72159 82.33643 0.000866739 7.268 4.459 4.054 4.064 19.72 0.6299 -nan 0.2339 -nan -nan
4900 7.58949 74.98019 82.56968 0.000866739 7.268 4.457 4.055 4.063 19.71 0.6312 -nan 0.2311 -nan -nan
5000 7.543056 75.20466 82.74772 0.000868155 7.267 4.457 4.056 4.062 19.71 0.6309 -nan 0.2381 -nan -nan
5100 7.488832 75.41597 82.9048 0.000868155 7.267 4.458 4.056 4.061 19.7 0.6322 -nan 0.2361 -nan -nan
5200 7.447264 75.48568 82.93294 0.000868155 7.267 4.457 4.056 4.062 19.7 0.6331 -nan 0.2405 -nan -nan
5300 7.417552 75.62846 83.04602 0.000868155 7.268 4.457 4.056 4.063 19.7 0.6315 -nan 0.2365 -nan -nan
5400 7.386615 75.74402 83.13063 0.000868155 7.268 4.456 4.057 4.064 19.69 0.6327 -nan 0.2377 -nan -nan
5500 7.353305 75.77394 83.12725 0.000868155 7.269 4.456 4.057 4.065 19.69 0.6332 -nan 0.2348 -nan -nan
5600 7.315343 75.84705 83.1624 0.000868155 7.269 4.455 4.057 4.066 19.69 0.6319 -nan 0.2362 -nan -nan
5700 7.281203 75.89741 83.17862 0.000868155 7.27 4.455 4.057 4.068 19.69 0.6329 -nan 0.2385 -nan -nan
5800 7.250677 76.06025 83.31093 0.000868155 7.27 4.455 4.057 4.069 19.69 0.6311 -nan 0.2377 -nan -nan
5900 7.189552 76.19866 83.38821 0.000868155 7.271 4.454 4.057 4.07 19.69 0.6327 -nan 0.2344 -nan -nan
6000 7.202646 76.12082 83.32347 0.000952983 7.271 4.454 4.057 4.071 19.69 0.6339 -nan 0.231 -nan -nan
6100 7.236626 75.92781 83.16444 0.000952983 7.272 4.454 4.057 4.073 19.69 0.6338 -nan 0.2289 -nan -nan
6200 7.208609 75.85278 83.06139 0.000952983 7.273 4.454 4.056 4.075 19.69 0.6346 -nan 0.2279 -nan -nan
6300 7.188781 75.90304 83.09182 0.000952983 7.274 4.454 4.056 4.077 19.69 0.635 -nan 0.2248 -nan -nan
6400 7.233161 75.9194 83.15256 0.000952983 7.275 4.454 4.056 4.079 19.7 0.6361 -nan 0.2277 -nan -nan
6500 7.275693 75.94688 83.22258 0.000952983 7.275 4.454 4.055 4.081 19.7 0.6351 -nan 0.2298 -nan -nan
6600 7.266325 76.04144 83.30777 0.000952983 7.276 4.454 4.054 4.082 19.7 0.634 -nan 0.2315 -nan -nan
6700 7.317675 76.05694 83.37461 0.000952983 7.276 4.454 4.053 4.084 19.7 0.6335 -nan 0.231 -nan -nan
6800 7.377574 75.9489 83.32647 0.000952983 7.276 4.453 4.052 4.086 19.7 0.6334 -nan 0.2305 -nan -nan
6900 7.371824 75.72307 83.09489 0.000952983 7.277 4.453 4.052 4.087 19.7 0.6344 -nan 0.2308 -nan -nan
7000 7.370157 75.50913 82.87929 0.000912941 7.277 4.453 4.051 4.089 19.7 0.6335 -nan 0.2246 -nan -nan
7100 7.364783 75.36116 82.72594 0.000912941 7.278 4.453 4.051 4.09 19.7 0.6336 -nan 0.2271 -nan -nan
7200 7.410249 75.23063 82.64088 0.000912941 7.278 4.452 4.05 4.091 19.7 0.6329 -nan 0.2303 -nan -nan
7300 7.449164 75.14351 82.59268 0.000912941 7.278 4.452 4.049 4.094 19.7 0.6328 -nan 0.2299 -nan -nan
7400 7.534332 75.06381 82.59815 0.000912941 7.278 4.45 4.048 4.096 19.7 0.6323 -nan 0.2308 -nan -nan
7500 7.693115 74.94262 82.63573 0.000912941 7.279 4.449 4.048 4.098 19.7 0.632 -nan 0.2323 -nan -nan
7600 7.864031 74.84894 82.71297 0.000912941 7.279 4.448 4.047 4.101 19.7 0.6317 -nan 0.2348 -nan -nan
7700 8.07009 74.87295 82.94303 0.000912941 7.28 4.447 4.047 4.103 19.7 0.6321 -nan 0.235 -nan -nan
7800 8.206015 74.91763 83.12365 0.000912941 7.28 4.446 4.047 4.106 19.7 0.632 -nan 0.2378 -nan -nan
7900 8.21176 75.05502 83.26678 0.000912941 7.281 4.445 4.047 4.109 19.71 0.6308 -nan 0.2381 -nan -nan
8000 8.204843 75.18082 83.38566 0.000887809 7.282 4.444 4.046 4.111 19.71 0.63 -nan 0.2415 -nan -nan
8100 8.214071 75.26778 83.48185 0.000887809 7.282 4.443 4.046 4.114 19.71 0.6301 -nan 0.2416 -nan -nan
8200 8.198826 75.3504 83.54923 0.000887809 7.283 4.441 4.046 4.117 19.71 0.6293 -nan 0.241 -nan -nan
8300 8.175885 75.39548 83.57137 0.000887809 7.284 4.441 4.046 4.119 19.72 0.6287 -nan 0.2393 -nan -nan
8400 8.180991 75.36821 83.54921 0.000887809 7.285 4.44 4.045 4.122 19.72 0.6285 -nan 0.2395 -nan -nan
8500 8.244956 75.40972 83.65467 0.000887809 7.286 4.439 4.045 4.125 19.72 0.6274 -nan 0.236 -nan -nan
8600 8.219251 75.5096 83.72885 0.000887809 7.286 4.438 4.044 4.127 19.73 0.6272 -nan 0.2356 -nan -nan
8700 8.219843 75.46461 83.68445 0.000887809 7.286 4.438 4.043 4.13 19.73 0.6269 -nan 0.2328 -nan -nan
8800 8.226919 75.43686 83.66378 0.000887809 7.287 4.437 4.042 4.132 19.73 0.6264 -nan 0.2329 -nan -nan
8900 8.237675 75.44662 83.68429 0.000887809 7.287 4.436 4.042 4.134 19.74 0.6268 -nan 0.2313 -nan -nan
9000 8.238207 75.41852 83.65673 0.000868616 7.288 4.435 4.041 4.137 19.74 0.6261 -nan 0.2315 -nan -nan
9100 8.243509 75.34841 83.59192 0.000868616 7.288 4.435 4.04 4.139 19.74 0.626 -nan 0.2311 -nan -nan
9200 8.250053 75.22342 83.47347 0.000868616 7.288 4.434 4.039 4.141 19.74 0.6264 -nan 0.2313 -nan -nan
9300 8.279457 75.09526 83.37472 0.000868616 7.289 4.433 4.038 4.143 19.75 0.6257 -nan 0.2304 -nan -nan
9400 8.275812 74.95184 83.22765 0.000868616 7.289 4.433 4.038 4.145 19.75 0.6255 -nan 0.2296 -nan -nan
9500 8.25742 74.82833 83.08575 0.000868616 7.289 4.432 4.037 4.146 19.75 0.6257 -nan 0.2303 -nan -nan
9600 8.254691 74.60335 82.85805 0.000868616 7.289 4.432 4.036 4.148 19.75 0.6257 -nan 0.2304 -nan -nan
9700 8.226818 74.48038 82.7072 0.000868616 7.29 4.431 4.035 4.15 19.76 0.6259 -nan 0.2294 -nan -nan
9800 8.186772 74.36681 82.55359 0.000868616 7.289 4.431 4.035 4.15 19.76 0.6267 -nan 0.2334 -nan -nan
9900 8.151058 74.29448 82.44554 0.000868616 7.289 4.43 4.034 4.151 19.76 0.6269 -nan 0.2335 -nan -nan
10000 8.140121 74.29248 82.4326 0.000879338 7.289 4.43 4.034 4.152 19.76 0.6268 -nan 0.2321 -nan -nan
