0.01	0.00177213	0.000738388	0
0.03	0	0.000886066	0
0.05	0	0.000295355	0
0.07	0.0013291	0.00191981	0
0.09	0	0.000886066	0
0.11	0.000886066	0	0
0.13	0	0.000738388	0
0.15	0	0.000443033	0
0.17	0	0.000147678	0
0.19	0	0.00236284	0
0.21	0	0	0
0.23	0	0.00310123	0
0.25	0	0.00354426	0
0.27	0.00339659	0.00103374	0
0.29	0	0.000295355	0
0.31	0	0.0026582	0
0.33	0	0.000147678	0
0.35	0.0013291	0.00251052	0
0.37	0	0.000147678	0
0.39	0.00147678	0.00177213	0
0.41	0	0.000590711	0
0.43	0.00487336	0.000590711	0
0.45	0	0.00118142	0
0.47	0	0.000443033	0
0.49	0	0.00310123	0
0.51	0	0	0
0.53	0.00280588	0.000738388	0
0.55	0	0	0
0.57	0	0.00236284	0
0.59	0.00177213	0.00177213	0
0.61	0	0.000886066	0
0.63	0	0	0
0.65	0	0.00221516	0
0.67	0.00324891	0.000738388	0
0.69	0.00295355	0.000147678	0
0.71	0	0.00236284	0
0.73	0	0	0
0.75	0	0	0
0.77	0	0	0
0.79	0	0.00103374	0
0.81	0.00620246	0.000147678	0
0.83	0	0	0
0.85	0	0.00162445	0
0.87	0	0.00162445	0
0.89	0	0	0
0.91	0	0	0
0.93	0	0.00236284	0
0.95	0	0.000443033	0
0.97	0	0.000590711	0
0.99	0	0.000295355	0
1.01	0	0.000738388	0
1.03	0	0.000886066	0
1.05	0	0.00383962	0
1.07	0	0	0
1.09	0	0	0
1.11	0	0.00191981	0
1.13	0	0	0
1.15	0	0.00103374	0
1.17	0	0.00236284	0
1.19	0	0.000590711	0
1.21	0	0.00147678	0
1.23	0	0.000295355	0
1.25	0	0.000295355	0
1.27	0	0.00354426	0
1.29	0	0.00103374	0
1.31	0	0.000886066	0
1.33	0	0.00310123	0
1.35	0	0.000443033	0
1.37	0	0.0013291	0
1.39	0	0.000443033	0
1.41	0	0.00103374	0
1.43	0	0.00339659	0
1.45	0	0.00147678	0
1.47	0	0.00177213	0
1.49	0	0.000295355	0
1.51	0	0.00162445	0
1.53	0	0.000443033	0
1.55	0	0.00236284	0
1.57	0	0.000147678	0
1.59	0	0.0013291	0
1.61	0	0.00310123	0
1.63	0	0.000295355	0
1.65	0	0.000295355	0
1.67	0	0.000886066	0
1.69	0	0.00147678	0
1.71	0	0.000147678	0
1.73	0	0.000886066	0
1.75	0.00251052	0	0
1.77	0	0.00191981	0
1.79	0.0026582	0.00162445	0
1.81	0.0039873	0	0
1.83	0	0	0
1.85	0	0.000590711	0
1.87	0.0026582	0.000147678	0
1.89	0	0.000295355	0
1.91	0	0.00177213	0
1.93	0	0.000295355	0
1.95	0	0	0
1.97	0	0	0
1.99	0	0.00147678	0
2.01	0.00177213	0.0013291	0
2.03	0	0	0
2.05	0	0.00162445	0
2.07	0	0.000590711	0
2.09	0	0	0
2.11	0.00147678	0.00251052	0
2.13	0	0.000295355	0
2.15	0.00310123	0.0013291	0
2.17	0	0.00295355	0
2.19	0.00177213	0.000147678	0
2.21	0	0.000590711	0
2.23	0	0.00191981	0
2.25	0	0.0026582	0
2.27	0.0026582	0.000590711	0
2.29	0.000886066	0.000886066	0
2.31	0	0.000443033	0
2.33	0	0.00177213	0
2.35	0.000738388	0.00206749	0
2.37	0.00310123	0	0
2.39	0	0.000738388	0
2.41	0	0.00324891	0
2.43	0.00339659	0	0
2.45	0	0.000147678	0
2.47	0.00206749	0.000443033	0
2.49	0.0013291	0.00118142	0
2.51	0	0.00251052	0
2.53	0.00147678	0.00118142	0
2.55	0.0103374	0.0026582	0
2.57	0	0.000886066	0
2.59	0	0.00162445	0
2.61	0.00900834	0.000886066	0
2.63	0	0.00118142	0
2.65	0.00236284	0.00118142	0
2.67	0	0.00191981	0
2.69	0	0.000886066	0
2.71	0.00103374	0.000886066	0
2.73	0	0.00324891	0
2.75	0.00191981	0	0
2.77	0	0.000738388	0
2.79	0.00413497	0.00221516	0
2.81	0	0	0
2.83	0	0	0
2.85	0	0.000738388	0
2.87	0.00369194	0.000886066	0
2.89	0.00886066	0.00103374	0
2.91	0	0.00118142	0
2.93	0	0	0
2.95	0.00841763	0.00280588	0
2.97	0.00206749	0.000147678	0
2.99	0	0.000886066	0
3.01	0	0.000443033	0
3.03	0	0.00118142	0
3.05	0	0.000147678	0
3.07	0	0.00221516	0
3.09	0	0.000886066	0
3.11	0.00191981	0.000738388	0
3.13	0.00206749	0.000147678	0
3.15	0	0.0013291	0
3.17	0	0.00162445	0
3.19	0.00310123	0.00280588	0
3.21	0	0.00383962	0
3.23	0.00118142	0.000738388	0
3.25	0.0013291	0.000295355	0
3.27	0	0.00177213	0
3.29	0	0.00118142	0
3.31	0.00177213	0.00103374	0
3.33	0	0.0013291	0
3.35	0	0	0
3.37	0	0	0
3.39	0.000886066	0.000295355	0
3.41	0.00177213	0.0039873	0
3.43	0	0.00251052	0
3.45	0.00339659	0.000295355	0
3.47	0	0.000147678	0
3.49	0	0.00251052	0
3.51	0	0.000738388	0
3.53	0	0.000738388	0
3.55	0	0.000886066	0
3.57	0	0	0
3.59	0	0.000147678	0
3.61	0	0.000738388	0
3.63	0	0.00147678	0
3.65	0.00738388	0.00295355	0
3.67	0	0.00103374	0
3.69	0	0.000443033	0
3.71	0	0.000147678	0
3.73	0.00664549	0.000147678	0
3.75	0.00413497	0.00516872	0
3.77	0.000738388	0.000738388	0
3.79	0.000147678	0.000443033	0
3.81	0.00206749	0.000295355	0
3.83	0	0.00324891	0
3.85	0.00191981	0.00443033	0
3.87	0.000295355	0.00103374	0
3.89	0.00118142	0.000295355	0
3.91	0.000443033	0	0
3.93	0	0	0
3.95	0	0.00177213	0
3.97	0.00413497	0.00191981	0
3.99	0.0129956	0.000443033	0
4.01	0	0.000443033	0
4.03	0.00191981	0	0
4.05	0.0013291	0.00177213	0
4.07	0	0	0
4.09	0.00605478	0.00310123	0
4.11	0.000147678	0.00118142	0
4.13	0.00694085	0.00118142	0
4.15	0.000295355	0	0
4.17	0	0.000443033	0
4.19	0	0.00206749	0
4.21	0.00590711	0.000147678	0
4.23	0.0026582	0.00103374	0
4.25	0.000738388	0.00118142	0
4.27	0	0	0
4.29	0.00251052	0.00472569	0
4.31	0	0.000147678	0
4.33	0.00487336	0.00191981	0
4.35	0	0	0
4.37	0.00413497	0	0
4.39	0.00383962	0	0
4.41	0	0	0
4.43	0	0.000738388	0
4.45	0	0.000443033	0
4.47	0	0.0039873	0
4.49	0	0	0
4.51	0.000590711	0.00103374	0
4.53	0.00280588	0.00546407	0
4.55	0	0.00354426	0
4.57	0.00103374	0.00546407	0
4.59	0	0	0
4.61	0.00191981	0.000147678	0
4.63	0	0.000147678	0
4.65	0.000738388	0.000295355	0
4.67	0	0	0
4.69	0.000295355	0.000738388	0
4.71	0	0.00191981	0
4.73	0.000443033	0	0
4.75	0	0.00103374	0
4.77	0	0.0013291	0
4.79	0.00191981	0.000738388	0
4.81	0.00206749	0	0
4.83	0.00516872	0.00472569	0
4.85	0.00915602	0.00251052	0
4.87	0	0	0
4.89	0.00103374	0.00103374	0
4.91	0	0	0
4.93	0	0.000886066	0
4.95	0	0.00206749	0
4.97	0.00930369	0.000147678	0
4.99	0	0.00191981	0
5.01	0.000738388	0.00162445	0
5.03	0	0	0
5.05	0.0013291	0.00103374	0
5.07	0	0	0
5.09	0.000147678	0.00428265	0
5.11	0.00413497	0.000295355	0
5.13	0	0.000147678	0
5.15	0	0.000886066	0
5.17	0.000738388	0.00103374	0
5.19	0	0.00191981	0
5.21	0	0	0
5.23	0	0.00162445	0
5.25	0.000295355	0.00280588	0
5.27	0	0	0
5.29	0.00177213	0.000738388	0
5.31	0.000738388	0	0
5.33	0.00841763	0	0
5.35	0.00191981	0.000886066	0
5.37	0.000147678	0.00206749	0
5.39	0.00339659	0	0
5.41	0.00679317	0	0
5.43	0	0.000590711	0
5.45	0.0013291	0.00324891	0
5.47	0.0013291	0.000147678	0
5.49	0	0.00177213	0
5.51	0.000147678	0.0053164	0
5.53	0	0	0
5.55	0	0.00251052	0
5.57	0.000295355	0.000443033	0
5.59	0	0	0
5.61	0.000738388	0.00221516	0
5.63	0.00664549	0.000738388	0
5.65	0.000738388	0	0
5.67	0.00605478	0.00369194	0
5.69	0.00413497	0.000886066	0
5.71	0.00649782	0.00457801	0
5.73	0.000738388	0.00177213	0
5.75	0	0.000886066	0
5.77	0	0.00413497	0
5.79	0.00487336	0.00236284	0
5.81	0.00206749	0.00162445	0
5.83	0	0.00162445	0
5.85	0	0.00103374	0
5.87	0	0.0026582	0
5.89	0	0.00147678	0
5.91	0.00679317	0.00162445	0
5.93	0.000295355	0.00147678	0
5.95	0.00649782	0.000590711	0
5.97	0.00664549	0	0
5.99	0	0.000147678	0
6.01	0	0.00177213	0
6.03	0	0.00738388	0
6.05	0.000886066	0.00147678	0
6.07	0	0	0
6.09	0	0.000738388	0
6.11	0	0.00280588	0
6.13	0	0.00251052	0
6.15	0.00191981	0.000295355	0
6.17	0	0.00221516	0
6.19	0	0.0013291	0
6.21	0	0.00103374	0
6.23	0.00502104	0.0013291	0
6.25	0.000738388	0.00310123	0
6.27	0.00753156	0	0
6.29	0	0.000886066	0
6.31	0	0.00191981	0
6.33	0.00516872	0.00206749	0
6.35	0.00664549	0.000738388	0
6.37	0.000443033	0.000443033	0
6.39	0.00694085	0.00118142	0
6.41	0.000147678	0.000590711	0
6.43	0.00974673	0.000590711	0
6.45	0.000147678	0.000443033	0
6.47	0.00797459	0.00546407	0
6.49	0.00723621	0	0
6.51	0.000147678	0.00162445	0
6.53	0	0	0
6.55	0.0026582	0.00177213	0
6.57	0.00738388	0.00147678	0
6.59	0.00620246	0.00236284	0
6.61	0.000738388	0.000886066	0
6.63	0.00797459	0	0
6.65	0	0.000738388	0
6.67	0	0.0013291	0
6.69	0.000147678	0.000590711	0
6.71	0.00974673	0.000738388	0
6.73	0.00457801	0.00177213	0
6.75	0	0.000590711	0
6.77	0.00472569	0.000443033	0
6.79	0.00620246	0.000443033	0
6.81	0.000590711	0	0
6.83	0.00310123	0.00147678	0
6.85	0.00324891	0	0
6.87	0	0.00162445	0
6.89	0.00221516	0.00103374	0
6.91	0.00103374	0.00103374	0
6.93	0.000738388	0.000738388	0
6.95	0.000295355	0	0
6.97	0.000738388	0.000590711	0
6.99	0.000443033	0	0
7.01	0.00236284	0.000295355	0
7.03	0	0.000738388	0
7.05	0.00620246	0.000295355	0
7.07	0.00162445	0	0
7.09	0.00694085	0.00162445	0
7.11	0.0115189	0.00369194	0
7.13	0.00162445	0.00118142	0
7.15	0.00191981	0.00118142	0
7.17	0.00177213	0.000295355	0
7.19	0.000886066	0.00295355	0
7.21	0.00103374	0.00324891	0
7.23	0	0.000147678	0
7.25	0	0.000147678	0
7.27	0.00191981	0.0013291	0
7.29	0.00369194	0.00694085	0
7.31	0.0085653	0.0039873	0
7.33	0.0013291	0	0
7.35	0	0.00118142	0
7.37	0.00206749	0.000147678	0
7.39	0.00413497	0	0
7.41	0	0.00310123	0
7.43	0.00177213	0.0013291	0
7.45	0	0.000590711	0
7.47	0	0.000443033	0
7.49	0.000738388	0.000443033	0
7.51	0.00620246	0.00635014	0
7.53	0.00886066	0.000590711	0
7.55	0.00886066	0	0
7.57	0.000738388	0.0013291	0
7.59	0.00177213	0.00177213	0
7.61	0.0085653	0.00118142	0
7.63	0.000738388	0.00103374	0
7.65	0.0026582	0.00339659	0
7.67	0.00487336	0.000590711	0
7.69	0	0.00103374	0
7.71	0.00812227	0	0
7.73	0.00664549	0.00206749	0
7.75	0	0.00103374	0
7.77	0	0.00147678	0
7.79	0.000295355	0.00369194	0
7.81	0.00649782	0.0013291	0
7.83	0.000295355	0.00280588	0
7.85	0.00561175	0.000295355	0
7.87	0.000147678	0.000295355	0
7.89	0.00649782	0.000738388	0
7.91	0.00369194	0.000295355	0
7.93	0	0.000443033	0
7.95	0.00413497	0.00118142	0
7.97	0.00635014	0	0
7.99	0.00162445	0.0026582	0
8.01	0.00457801	0.00118142	0
8.03	0.00664549	0.00635014	0
8.05	0	0.00369194	0
8.07	0.000738388	0	0
8.09	0	0.000295355	0
8.11	0.00428265	0.00118142	0
8.13	0.0013291	0.000147678	0
8.15	0	0.00339659	0
8.17	0.00206749	0.000443033	0
8.19	0.00782692	0.00177213	0
8.21	0.00782692	0.0026582	0
8.23	0	0	0
8.25	0.000443033	0.00310123	0
8.27	0	0.00546407	0
8.29	0	0.00118142	0
8.31	0	0.000590711	0
8.33	0	0.00118142	0
8.35	0	0.00191981	0
8.37	0.00620246	0.00487336	0
8.39	0.00191981	0.000738388	0
8.41	0	0.00118142	0
8.43	0	0.00280588	0
8.45	0.0026582	0.00221516	0
8.47	0	0.00236284	0
8.49	0	0.00191981	0
8.51	0.00649782	0.000295355	0
8.53	0	0.000590711	0
8.55	0.000590711	0.00162445	0
8.57	0	0.000147678	0
8.59	0.00723621	0	0
8.61	0	0.000886066	0
8.63	0.00177213	0.0026582	0
8.65	0	0.00118142	0
8.67	0.00561175	0	0
8.69	0	0	0
8.71	0	0.000886066	0
8.73	0	0.00103374	0
8.75	0	0.000886066	0
8.77	0.000886066	0.00428265	0
8.79	0	0.00221516	0
8.81	0	0.000147678	0
8.83	0.0039873	0.00147678	0
8.85	0.00664549	0.00221516	0
8.87	0.00251052	0.000886066	0
8.89	0.00413497	0.00206749	0
8.91	0	0	0
8.93	0	0	0
8.95	0	0	0
8.97	0.00206749	0.000295355	0
8.99	0	0.000738388	0
9.01	0.000738388	0.00221516	0
9.03	0.00295355	0.00221516	0
9.05	0.00324891	0	0
9.07	0	0.000886066	0
9.09	0.00649782	0.00324891	0
9.11	0.000738388	0.00295355	0
9.13	0	0	0
9.15	0	0.000443033	0
9.17	0.000147678	0.00354426	0
9.19	0.00191981	0	0
9.21	0	0.0013291	0
9.23	0	0.00221516	0
9.25	0.00280588	0.000295355	0
9.27	0.00147678	0.0039873	0
9.29	0.00147678	0.000886066	0
9.31	0.000590711	0.00177213	0
9.33	0.00369194	0.000443033	0
9.35	0.00191981	0.00191981	0
9.37	0.000590711	0.00236284	0
9.39	0.000886066	0.00280588	0
9.41	0.000147678	0	0
9.43	0.00753156	0.000147678	0
9.45	0	0.000738388	0
9.47	0.0013291	0.00177213	0
9.49	0	0.00206749	0
9.51	0	0.00620246	0
9.53	0	0.00236284	0
9.55	0.0013291	0.0013291	0
9.57	0.00383962	0.00413497	0
9.59	0	0.000590711	0
9.61	0	0.00118142	0
9.63	0	0.00118142	0
9.65	0.00118142	0	0
9.67	0	0.00118142	0
9.69	0	0.00487336	0
9.71	0.00147678	0	0
9.73	0	0	0
9.75	0	0	0
9.77	0	0.00295355	0
9.79	0	0.000295355	0
9.81	0	0.00457801	0
9.83	0.0026582	0.00103374	0
9.85	0.0026582	0.000147678	0
9.87	0	0.00310123	0
9.89	0.000738388	0.00191981	0
9.91	0.00191981	0.000590711	0
9.93	0.0013291	0	0
9.95	0	0.00280588	0
9.97	0	0.000147678	0
9.99	0.00191981	0.00457801	0
10.01	0	0.00251052	0
10.03	0	0.00162445	0
10.05	0	0.00103374	0
10.07	0.00177213	0.00103374	0
10.09	0.00251052	0.00295355	0
10.11	0.000886066	0.000590711	0
10.13	0.00118142	0	0
10.15	0	0.00354426	0
10.17	0.00162445	0	0
10.19	0.00162445	0	0
10.21	0	0.00354426	0
10.23	0.000443033	0.00147678	0
10.25	0.00162445	0.00177213	0
10.27	0.000590711	0.000443033	0
10.29	0.000738388	0.00428265	0
10.31	0.00620246	0.00147678	0
10.33	0	0.00221516	0
10.35	0	0.000886066	0
10.37	0	0	0
10.39	0	0.000295355	0
10.41	0.000147678	0.000738388	0
10.43	0	0	0
10.45	0.000590711	0.00502104	0
10.47	0	0.00413497	0
10.49	0	0	0
10.51	0.000147678	0.00295355	0
10.53	0.00310123	0.00191981	0
10.55	0	0.00162445	0
10.57	0	0.00118142	0
10.59	0.00797459	0.00635014	0
10.61	0	0.00206749	0
10.63	0	0.000295355	0
10.65	0.0180167	0.000738388	0
10.67	0	0.00147678	0
10.69	0	0.000590711	0
10.71	0	0.00428265	0
10.73	0	0.0013291	0
10.75	0	0	0
10.77	0	0.000590711	0
10.79	0	0.000886066	0
10.81	0	0.00177213	0
10.83	0	0.00280588	0
10.85	0.000738388	0.000147678	0
10.87	0	0.00103374	0
10.89	0	0.000295355	0
10.91	0	0.00103374	0
10.93	0	0.000295355	0
10.95	0	0.00147678	0
10.97	0	0.000147678	0
10.99	0	0.00575943	0
11.01	0	0.00147678	0
11.03	0	0.000590711	0
11.05	0	0.00177213	0
11.07	0	0	0
11.09	0	0.0026582	0
11.11	0	0	0
11.13	0.00383962	0.00339659	0
11.15	0	0.000295355	0
11.17	0.00191981	0.00118142	0
11.19	0	0.00118142	0
11.21	0.00324891	0.000590711	0
11.23	0.00147678	0.0013291	0
11.25	0	0	0
11.27	0.00162445	0.00339659	0
11.29	0.00206749	0	0
11.31	0	0.00339659	0
11.33	0	0.000738388	0
11.35	0.00561175	0.000295355	0
11.37	0	0.00561175	0
11.39	0	0.000738388	0
11.41	0	0.000295355	0
11.43	0	0.00103374	0
11.45	0	0.000886066	0
11.47	0.00383962	0.00221516	0
11.49	0.00310123	0.00103374	0
11.51	0.000590711	0.00118142	0
11.53	0.000147678	0.000590711	0
11.55	0.00221516	0.000590711	0
11.57	0	0	0
11.59	0.000738388	0.00162445	0
11.61	0.000590711	0.00295355	0
11.63	0.00191981	0.000147678	0
11.65	0	0.00383962	0
11.67	0.00310123	0.000738388	0
11.69	0.00546407	0.000147678	0
11.71	0.00974673	0.00177213	0
11.73	0.00162445	0.00206749	0
11.75	0	0.00103374	0
11.77	0.00280588	0	0
11.79	0	0.000295355	0
11.81	0.00575943	0.00251052	0
11.83	0.000147678	0	0
11.85	0	0.00103374	0
11.87	0.00383962	0.000295355	0
11.89	0	0.000147678	0
11.91	0.000738388	0.00502104	0
11.93	0.00147678	0.00118142	0
11.95	0	0.000147678	0
11.97	0	0.000443033	0
11.99	0	0.00162445	0
12.01	0	0.000295355	0
12.03	0.00339659	0.00162445	0
12.05	0.00413497	0.00103374	0
12.07	0	0.0013291	0
12.09	0.00103374	0.0013291	0
12.11	0	0.000147678	0
12.13	0.00221516	0.00147678	0
12.15	0.00177213	0.000738388	0
12.17	0.000295355	0.00103374	0
12.19	0.00221516	0.00147678	0
12.21	0	0.00103374	0
12.23	0.00191981	0.000147678	0
12.25	0	0.00103374	0
12.27	0	0.00118142	0
12.29	0.0013291	0.000147678	0
12.31	0.00236284	0.00206749	0
12.33	0	0.000443033	0
12.35	0	0.000295355	0
12.37	0	0.00280588	0
12.39	0	0.0085653	0
12.41	0.00236284	0.00103374	0
12.43	0.000590711	0	0
12.45	0.000738388	0.00191981	0
12.47	0.00162445	0.00206749	0
12.49	0.00753156	0.00147678	0
12.51	0.000147678	0.0026582	0
12.53	0	0	0
12.55	0.00251052	0.000886066	0
12.57	0	0.000295355	0
12.59	0.00443033	0.000590711	0
12.61	0.00708853	0	0
12.63	0.00295355	0.00324891	0
12.65	0.00310123	0.000590711	0
12.67	0	0.000886066	0
12.69	0	0.0026582	0
12.71	0.00797459	0.00103374	0
12.73	0	0.000590711	0
12.75	0.00620246	0.000295355	0
12.77	0.0039873	0.000147678	0
12.79	0.000443033	0.00236284	0
12.81	0	0.00339659	0
12.83	0	0.00324891	0
12.85	0.00295355	0.00191981	0
12.87	0.00339659	0	0
12.89	0	0.0026582	0
12.91	0.00324891	0.00251052	0
12.93	0.0127003	0.00221516	0
12.95	0	0.00221516	0
12.97	0	0.000295355	0
12.99	0.000886066	0.000295355	0
13.01	0.000590711	0.00324891	0
13.03	0	0	0
13.05	0.000147678	0.000443033	0
13.07	0	0.000295355	0
13.09	0	0.000443033	0
13.11	0.000590711	0.00221516	0
13.13	0	0.000443033	0
13.15	0.00339659	0.00103374	0
13.17	0.00295355	0.00103374	0
13.19	0.00147678	0.000147678	0
13.21	0.000147678	0.00369194	0
13.23	0	0.0013291	0
13.25	0	0.00443033	0
13.27	0.00575943	0.000147678	0
13.29	0	0.000590711	0
13.31	0	0.000886066	0
13.33	0.00502104	0.000443033	0
13.35	0.0026582	0.000295355	0
13.37	0.000147678	0.000147678	0
13.39	0.00413497	0.000147678	0
13.41	0.00339659	0.000443033	0
13.43	0	0.000590711	0
13.45	0	0.00177213	0
13.47	0	0.000738388	0
13.49	0	0.000886066	0
13.51	0.00428265	0.000590711	0
13.53	0.00590711	0.000886066	0
13.55	0	0.00147678	0
13.57	0	0	0
13.59	0.000443033	0.000590711	0
13.61	0.00177213	0.0053164	0
13.63	0	0	0
13.65	0.0013291	0.00236284	0
13.67	0.00251052	0.000295355	0
13.69	0.00191981	0.000886066	0
13.71	0.000147678	0.000295355	0
13.73	0	0	0
13.75	0.00443033	0.000886066	0
13.77	0.0053164	0.00457801	0
13.79	0.000590711	0	0
13.81	0.000590711	0.00516872	0
13.83	0.0039873	0.00103374	0
13.85	0	0.00162445	0
13.87	0.00383962	0.00103374	0
13.89	0	0.00236284	0
13.91	0.00502104	0.00280588	0
13.93	0.00310123	0.00118142	0
13.95	0.00649782	0.000886066	0
13.97	0.00561175	0.00177213	0
13.99	0	0.00118142	0
14.01	0	0.000295355	0
14.03	0	0.000886066	0
14.05	0	0.00221516	0
14.07	0.00428265	0.00295355	0
14.09	0	0.00191981	0
14.11	0	0.00177213	0
14.13	0.00561175	0.00191981	0
14.15	0.00605478	0.00103374	0
14.17	0.00354426	0.000295355	0
14.19	0.000738388	0.00118142	0
14.21	0	0.000886066	0
14.23	0.0026582	0.00162445	0
14.25	0.00236284	0.000443033	0
14.27	0	0.000443033	0
14.29	0.000147678	0.000738388	0
14.31	0.000590711	0.00177213	0
14.33	0.00177213	0.00339659	0
14.35	0.000886066	0.000295355	0
14.37	0.00324891	0.000590711	0
14.39	0.00147678	0.00324891	0
14.41	0.00945137	0.0039873	0
14.43	0.00206749	0.00443033	0
14.45	0.00383962	0.00118142	0
14.47	0.00383962	0.000295355	0
14.49	0	0	0
14.51	0.00428265	0.00103374	0
14.53	0.00206749	0.00280588	0
14.55	0.000147678	0.00103374	0
14.57	0.00767924	0.00191981	0
14.59	0.000147678	0.00310123	0
14.61	0.00502104	0.000295355	0
14.63	0.00251052	0.00310123	0
14.65	0.00310123	0	0
14.67	0.0115189	0.000590711	0
14.69	0.000147678	0.00280588	0
14.71	0.00221516	0	0
14.73	0.00251052	0.000443033	0
14.75	0.00369194	0.000738388	0
14.77	0	0.00103374	0
14.79	0	0.00177213	0
14.81	0	0	0
14.83	0	0.00221516	0
14.85	0	0.00280588	0
14.87	0.00162445	0.00147678	0
14.89	0.00236284	0.00118142	0
14.91	0.00118142	0.00339659	0
14.93	0.00162445	0.000295355	0
14.95	0.00236284	0.000738388	0
14.97	0.00383962	0	0
14.99	0	0.000443033	0
15.01	0.00162445	0.00295355	0
15.03	0.00620246	0.00324891	0
15.05	0	0.00664549	0
15.07	0.000886066	0.000295355	0
15.09	0.00428265	0.00561175	0
15.11	0.00339659	0.000738388	0
15.13	0	0	0
15.15	0.00236284	0.0026582	0
15.17	0.00575943	0.00147678	0
15.19	0	0.00118142	0
15.21	0.00251052	0.000590711	0
15.23	0.00162445	0.00191981	0
15.25	0.00502104	0.00221516	0
15.27	0	0	0
15.29	0.000147678	0.00191981	0
15.31	0.00664549	0.000443033	0
15.33	0	0.000738388	0
15.35	0.00221516	0.0013291	0
15.37	0.00413497	0.000590711	0
15.39	0.000147678	0.00236284	0
15.41	0	0.000738388	0
15.43	0.00236284	0.000147678	0
15.45	0	0.00103374	0
15.47	0.00162445	0.00177213	0
15.49	0.00147678	0.00354426	0
15.51	0.00723621	0.000295355	0
15.53	0.00753156	0.0013291	0
15.55	0.00177213	0.0026582	0
15.57	0.00812227	0.00413497	0
15.59	0.00502104	0	0
15.61	0.00295355	0.000886066	0
15.63	0	0.00369194	0
15.65	0.00339659	0.00162445	0
15.67	0	0.000443033	0
15.69	0.000443033	0	0
15.71	0	0	0
15.73	0.0026582	0.00162445	0
15.75	0	0.00472569	0
15.77	0	0	0
15.79	0.000886066	0.00118142	0
15.81	0.000147678	0.0026582	0
15.83	0.00177213	0.000738388	0
15.85	0.00428265	0	0
15.87	0	0	0
15.89	0.00251052	0.0026582	0
15.91	0.00280588	0.000443033	0
15.93	0	0.00118142	0
15.95	0	0.000590711	0
15.97	0.00472569	0.00103374	0
15.99	0.000443033	0.00280588	0
16.01	0	0.00147678	0
16.03	0.00383962	0.00206749	0
16.05	0	0.000886066	0
16.07	0	0.000886066	0
16.09	0.000295355	0.00236284	0
16.11	0	0.00443033	0
16.13	0.00206749	0	0
16.15	0.00620246	0.000738388	0
16.17	0	0.00206749	0
16.19	0	0.00206749	0
16.21	0.000886066	0.0026582	0
16.23	0	0.00649782	0
16.25	0	0.00310123	0
16.27	0.000886066	0.000295355	0
16.29	0	0	0
16.31	0.00206749	0.00103374	0
16.33	0	0	0
16.35	0	0.000295355	0
16.37	0	0.00177213	0
16.39	0	0.000295355	0
16.41	0	0	0
16.43	0	0.00118142	0
16.45	0	0.00206749	0
16.47	0	0	0
16.49	0.00162445	0	0
16.51	0	0.00103374	0
16.53	0	0.000147678	0
16.55	0	0.0026582	0
16.57	0	0.00103374	0
16.59	0	0.0013291	0
16.61	0.00147678	0.000147678	0
16.63	0	0	0
16.65	0	0.000295355	0
16.67	0	0.000295355	0
16.69	0.0026582	0.00236284	0
16.71	0.00295355	0.00221516	0
16.73	0	0.000738388	0
16.75	0.00605478	0.00191981	0
16.77	0.00324891	0.000295355	0
16.79	0	0	0
16.81	0	0.00236284	0
16.83	0	0.000738388	0
16.85	0	0	0
16.87	0	0	0
16.89	0	0	0
16.91	0.000443033	0.000147678	0
16.93	0.00546407	0.000886066	0
16.95	0	0	0
16.97	0.00251052	0.00280588	0
16.99	0.00177213	0.00502104	0
17.01	0	0.00502104	0
17.03	0.0026582	0.000147678	0
17.05	0.00118142	0.000886066	0
17.07	0.0085653	0.00103374	0
17.09	0.00251052	0.000886066	0
17.11	0	0.000738388	0
17.13	0	0.000738388	0
17.15	0	0.000443033	0
17.17	0	0.000590711	0
17.19	0	0.000443033	0
17.21	0.00118142	0	0
17.23	0	0.00546407	0
17.25	0	0.000590711	0
17.27	0.00428265	0.000590711	0
17.29	0	0.00767924	0
17.31	0.000738388	0.000886066	0
17.33	0	0.00339659	0
17.35	0.00221516	0	0
17.37	0	0.00310123	0
17.39	0	0.000147678	0
17.41	0	0.000738388	0
17.43	0.00502104	0.00162445	0
17.45	0.00413497	0.000886066	0
17.47	0	0.00206749	0
17.49	0.00310123	0.000886066	0
17.51	0	0.00191981	0
17.53	0	0.0013291	0
17.55	0	0.000590711	0
17.57	0	0	0
17.59	0.000147678	0.00177213	0
17.61	0.000443033	0.00118142	0
17.63	0	0.00177213	0
17.65	0	0.0013291	0
17.67	0	0.000147678	0
17.69	0.00251052	0.00191981	0
17.71	0.000295355	0.000147678	0
17.73	0	0.00782692	0
17.75	0	0.00103374	0
17.77	0	0.00118142	0
17.79	0.00620246	0.00103374	0
17.81	0	0.000738388	0
17.83	0	0.000443033	0
17.85	0	0	0
17.87	0	0.000738388	0
17.89	0	0.000738388	0
17.91	0	0.000147678	0
17.93	0	0.00191981	0
17.95	0	0.000147678	0
17.97	0	0.000590711	0
17.99	0	0.00118142	0
18.01	0	0	0
18.03	0	0.00118142	0
18.05	0	0	0
18.07	0	0.000295355	0
18.09	0.00443033	0.00147678	0
18.11	0	0.000886066	0
18.13	0.00443033	0.000147678	0
18.15	0.000886066	0.00103374	0
18.17	0	0.000738388	0
18.19	0.0026582	0.00162445	0
18.21	0.00502104	0.00177213	0
18.23	0	0.000147678	0
18.25	0	0.00221516	0
18.27	0	0.00280588	0
18.29	0	0.00251052	0
18.31	0	0.000295355	0
18.33	0.00206749	0.00649782	0
18.35	0	0.00487336	0
18.37	0.00191981	0	0
18.39	0	0.00147678	0
18.41	0.00502104	0.000147678	0
18.43	0	0.000147678	0
18.45	0.00472569	0.000886066	0
18.47	0	0.000443033	0
18.49	0.00206749	0.0013291	0
18.51	0.00206749	0.000443033	0
18.53	0.000443033	0.00103374	0
18.55	0	0.000147678	0
18.57	0.000443033	0.00162445	0
18.59	0.00118142	0.000295355	0
18.61	0	0.00413497	0
18.63	0	0.000295355	0
18.65	0.00575943	0.000590711	0
18.67	0	0.00191981	0
18.69	0	0	0
18.71	0	0	0
18.73	0.0098944	0.00413497	0
18.75	0	0	0
18.77	0.00251052	0.00191981	0
18.79	0	0.00191981	0
18.81	0	0.000295355	0
18.83	0	0.00103374	0
18.85	0	0.0013291	0
18.87	0	0.00295355	0
18.89	0.00206749	0.00118142	0
18.91	0.0026582	0.00118142	0
18.93	0	0.00103374	0
18.95	0	0.0013291	0
18.97	0.00339659	0.00162445	0
18.99	0	0.00635014	0
19.01	0	0.000886066	0
19.03	0	0.000443033	0
19.05	0	0.000886066	0
19.07	0	0.000147678	0
19.09	0	0.000147678	0
19.11	0	0.000443033	0
19.13	0	0.0026582	0
19.15	0	0.00251052	0
19.17	0.00516872	0.00118142	0
19.19	0	0.00354426	0
19.21	0	0.00177213	0
19.23	0	0.00310123	0
19.25	0	0.000295355	0
19.27	0	0.000295355	0
19.29	0	0.00103374	0
19.31	0.000443033	0.000147678	0
19.33	0	0.000738388	0
19.35	0	0.0013291	0
19.37	0	0.00118142	0
19.39	0	0.0013291	0
19.41	0	0.000590711	0
19.43	0	0.00191981	0
19.45	0	0.00206749	0
19.47	0	0.00103374	0
19.49	0.00502104	0.00162445	0
19.51	0.00177213	0.00103374	0
19.53	0.000886066	0.000147678	0
19.55	0	0.0026582	0
19.57	0.00206749	0	0
19.59	0.00383962	0.000443033	0
19.61	0.000886066	0.00457801	0
19.63	0	0.00177213	0
19.65	0	0.000147678	0
19.67	0	0.000590711	0
19.69	0	0.00280588	0
19.71	0	0.00383962	0
19.73	0.00369194	0.000295355	0
19.75	0	0	0
19.77	0	0.00118142	0
19.79	0.00324891	0.00236284	0
19.81	0	0.000443033	0
19.83	0	0.000295355	0
19.85	0.0013291	0.00206749	0
19.87	0	0.000295355	0
19.89	0	0.000886066	0
19.91	0	0.0026582	0
19.93	0	0.000590711	0
19.95	0	0.00177213	0
19.97	0	0	0
19.99	0	0.000147678	0
20.01	0.000443033	0.00118142	0
20.03	0	0.000147678	0
20.05	0	0.00103374	0
20.07	0.00206749	0.00103374	0
20.09	0	0.000886066	0
20.11	0	0.00103374	0
20.13	0	0.000147678	0
20.15	0	0.00251052	0
20.17	0	0.00324891	0
20.19	0	0.000443033	0
20.21	0	0.000590711	0
20.23	0.0026582	0.00162445	0
20.25	0.00177213	0.00221516	0
20.27	0	0.000443033	0
20.29	0.000886066	0.00487336	0
20.31	0	0.00118142	0
20.33	0	0.000738388	0
20.35	0	0	0
20.37	0	0.00206749	0
20.39	0	0.00177213	0
20.41	0	0.000590711	0
20.43	0	0.000295355	0
20.45	0	0.00236284	0
20.47	0	0	0
20.49	0	0.00147678	0
20.51	0	0.0013291	0
20.53	0	0.000738388	0
20.55	0	0	0
20.57	0	0.000738388	0
20.59	0.00206749	0	0
20.61	0	0.00162445	0
20.63	0	0.000147678	0
20.65	0	0.000147678	0
20.67	0.00502104	0.00295355	0
20.69	0	0	0
20.71	0	0	0
20.73	0.00118142	0.00118142	0
20.75	0	0.000886066	0
20.77	0.00324891	0.00236284	0
20.79	0	0.00177213	0
20.81	0	0.00295355	0
20.83	0	0.00191981	0
20.85	0	0.00324891	0
20.87	0	0	0
20.89	0	0	0
20.91	0.000443033	0.00177213	0
20.93	0	0	0
20.95	0	0.00221516	0
20.97	0	0.00103374	0
20.99	0	0.00280588	0
21.01	0	0.000738388	0
21.03	0	0.000295355	0
21.05	0	0.000147678	0
21.07	0.00502104	0.00103374	0
21.09	0	0.000443033	0
21.11	0.00177213	0	0
21.13	0.000886066	0.000147678	0
21.15	0	0.00162445	0
21.17	0.00324891	0.000295355	0
21.19	0.00118142	0.000147678	0
21.21	0	0.00147678	0
21.23	0	0.00251052	0
21.25	0.000443033	0.00162445	0
21.27	0	0.000147678	0
21.29	0	0.00162445	0
21.31	0	0.000295355	0
21.33	0	0.00723621	0
21.35	0	0.00103374	0
21.37	0	0	0
21.39	0	0.000443033	0
21.41	0	0.000295355	0
21.43	0	0.00324891	0
21.45	0	0.00162445	0
21.47	0	0.000590711	0
21.49	0	0.000886066	0
21.51	0	0.000886066	0
21.53	0	0	0
21.55	0	0.000886066	0
21.57	0.00502104	0.000443033	0
21.59	0.0013291	0	0
21.61	0	0	0
21.63	0	0.00236284	0
21.65	0	0	0
21.67	0.00443033	0.00118142	0
21.69	0	0.000443033	0
21.71	0.000443033	0.000590711	0
21.73	0	0.000295355	0
21.75	0	0.00280588	0
21.77	0.00118142	0.000590711	0
21.79	0.00324891	0.00369194	0
21.81	0.00502104	0.000295355	0
21.83	0	0.000147678	0
21.85	0	0.00236284	0
21.87	0	0.00191981	0
21.89	0	0.000443033	0
21.91	0.00324891	0.000147678	0
21.93	0.00118142	0.00118142	0
21.95	0	0.000738388	0
21.97	0	0.000295355	0
21.99	0	0.00118142	0
22.01	0	0	0
22.03	0.00251052	0.000738388	0
22.05	0	0.000590711	0
22.07	0	0.000590711	0
22.09	0	0	0
22.11	0	0	0
22.13	0.00118142	0	0
22.15	0.00546407	0.000738388	0
22.17	0.00324891	0.00251052	0
22.19	0	0.000295355	0
22.21	0.000443033	0.000295355	0
22.23	0	0.00310123	0
22.25	0	0.00251052	0
22.27	0	0.0013291	0
22.29	0	0.000590711	0
22.31	0	0.000738388	0
22.33	0	0.000147678	0
22.35	0	0	0
22.37	0	0.00118142	0
22.39	0	0.000738388	0
22.41	0	0.000590711	0
22.43	0	0.0013291	0
22.45	0	0.000295355	0
22.47	0	0.0013291	0
22.49	0.00251052	0.00147678	0
22.51	0	0.00324891	0
22.53	0.00162445	0.000738388	0
22.55	0	0.00147678	0
22.57	0	0	0
22.59	0	0.000443033	0
22.61	0	0	0
22.63	0	0.00251052	0
22.65	0	0	0
22.67	0.0013291	0	0
22.69	0.00502104	0.000147678	0
22.71	0	0.00147678	0
22.73	0	0	0
22.75	0	0.000590711	0
22.77	0	0.000147678	0
22.79	0	0.00118142	0
22.81	0	0	0
22.83	0.00369194	0.000147678	0
22.85	0	0.00206749	0
22.87	0	0.00177213	0
22.89	0	0	0
22.91	0.00251052	0	0
22.93	0	0.00221516	0
22.95	0	0.00177213	0
22.97	0	0.00162445	0
22.99	0.00546407	0	0
23.01	0	0.00310123	0
23.03	0	0	0
23.05	0	0.0013291	0
23.07	0	0.000886066	0
23.09	0	0.00383962	0
23.11	0	0	0
23.13	0	0.00428265	0
23.15	0	0.00177213	0
23.17	0	0	0
23.19	0	0.00221516	0
23.21	0.00915602	0.000147678	0
23.23	0	0	0
23.25	0	0.000738388	0
23.27	0	0	0
23.29	0	0	0
23.31	0.00162445	0	0
23.33	0	0	0
23.35	0	0.00103374	0
23.37	0	0.000147678	0
23.39	0.00162445	0.00147678	0
23.41	0	0.000443033	0
23.43	0	0.0026582	0
23.45	0	0.00118142	0
23.47	0	0.00177213	0
23.49	0.0013291	0.000738388	0
23.51	0.00251052	0	0
23.53	0.00251052	0.000443033	0
23.55	0	0	0
23.57	0	0	0
23.59	0	0.00118142	0
23.61	0	0	0
23.63	0.00383962	0.00103374	0
23.65	0	0	0
23.67	0	0.000295355	0
23.69	0.00251052	0.00147678	0
23.71	0	0	0
23.73	0.00369194	0.00177213	0
23.75	0	0	0
23.77	0	0	0
23.79	0	0.0013291	0
23.81	0	0.000738388	0
23.83	0	0.00472569	0
23.85	0	0.0053164	0
23.87	0	0.000147678	0
23.89	0.00546407	0	0
23.91	0	0.0026582	0
23.93	0.0013291	0.000147678	0
23.95	0	0.00280588	0
23.97	0	0.000295355	0
23.99	0.0013291	0.000443033	0
24.01	0	0.000443033	0
24.03	0.00251052	0.000443033	0
24.05	0.0109281	0	0
24.07	0	0.00295355	0
24.09	0	0.00147678	0
24.11	0	0.000443033	0
24.13	0	0.000886066	0
24.15	0	0	0
24.17	0.0013291	0	0
24.19	0.00369194	0.000295355	0
24.21	0.00472569	0.000147678	0
24.23	0.00369194	0.000147678	0
24.25	0	0	0
24.27	0	0.000147678	0
24.29	0	0	0
24.31	0	0.000295355	0
24.33	0	0	0
24.35	0.00546407	0.000443033	0
24.37	0.00546407	0.000738388	0
24.39	0	0	0
24.41	0	0.00177213	0
24.43	0	0.00251052	0
24.45	0.00162445	0.000147678	0
24.47	0.000886066	0.000147678	0
24.49	0	0.000886066	0
24.51	0	0.000886066	0
24.53	0.00369194	0.000295355	0
24.55	0.0053164	0	0
24.57	0	0.00118142	0
24.59	0	0.000443033	0
24.61	0	0.000886066	0
24.63	0	0.000443033	0
24.65	0	0.000295355	0
24.67	0.00295355	0.000738388	0
24.69	0	0.00280588	0
24.71	0.0013291	0.0013291	0
24.73	0.00118142	0.00147678	0
24.75	0	0.000738388	0
24.77	0	0.000738388	0
24.79	0	0.000147678	0
24.81	0	0.0013291	0
24.83	0	0	0
24.85	0	0.000738388	0
24.87	0	0.00191981	0
24.89	0	0.000738388	0
24.91	0	0.000295355	0
24.93	0	0	0
24.95	0	0.00118142	0
24.97	0	0.000738388	0
24.99	0	0.000738388	0
25.01	0.000147678	0	0
25.03	0	0.000738388	0
25.05	0	0	0
25.07	0	0.00118142	0
25.09	0.00162445	0.000443033	0
25.11	0	0.000147678	0
25.13	0	0.00516872	0
25.15	0.00369194	0.000886066	0
25.17	0.00251052	0.000443033	0
25.19	0	0.000886066	0
25.21	0	0.000886066	0
25.23	0.00546407	0.00177213	0
25.25	0	0.00103374	0
25.27	0	0.00221516	0
25.29	0	0.00147678	0
25.31	0	0.0013291	0
25.33	0	0.000295355	0
25.35	0	0	0
25.37	0	0.00339659	0
25.39	0	0.000886066	0
25.41	0	0	0
25.43	0	0.00177213	0
25.45	0	0.000147678	0
25.47	0	0.00206749	0
25.49	0	0	0
25.51	0	0	0
25.53	0.00162445	0.00162445	0
25.55	0.0013291	0.000443033	0
25.57	0	0	0
25.59	0	0.00177213	0
25.61	0	0.000295355	0
25.63	0.00546407	0.000147678	0
25.65	0.00502104	0.000590711	0
25.67	0	0.00147678	0
25.69	0.00310123	0.00118142	0
25.71	0	0	0
25.73	0	0.000590711	0
25.75	0.00251052	0.000738388	0
25.77	0	0	0
25.79	0.00310123	0.00118142	0
25.81	0.00546407	0	0
25.83	0	0.000738388	0
25.85	0	0.00162445	0
25.87	0	0.000886066	0
25.89	0	0.00177213	0
25.91	0	0.000443033	0
25.93	0	0.00147678	0
25.95	0.000147678	0.00177213	0
25.97	0	0.00147678	0
25.99	0.00162445	0.00103374	0
26.01	0.0085653	0.000147678	0
26.03	0.00369194	0.00191981	0
26.05	0.000886066	0.00147678	0
26.07	0.00295355	0	0
26.09	0	0.000443033	0
26.11	0	0.00236284	0
26.13	0.00369194	0.000738388	0
26.15	0.00118142	0	0
26.17	0	0.00221516	0
26.19	0.00118142	0.00221516	0
26.21	0	0.000147678	0
26.23	0	0.000590711	0
26.25	0	0.00369194	0
26.27	0	0.000590711	0
26.29	0	0.000295355	0
26.31	0	0.000590711	0
26.33	0	0.00103374	0
26.35	0.000147678	0.00103374	0
26.37	0	0.00103374	0
26.39	0	0	0
26.41	0	0	0
26.43	0	0.000886066	0
26.45	0	0	0
26.47	0	0	0
26.49	0	0.00605478	0
26.51	0	0.000295355	0
26.53	0.00162445	0.000886066	0
26.55	0.00310123	0	0
26.57	0	0.00191981	0
26.59	0.00620246	0.000443033	0
26.61	0	0	0
26.63	0	0	0
26.65	0	0.000738388	0
26.67	0.000147678	0	0
26.69	0	0.00147678	0
26.71	0	0.00206749	0
26.73	0	0.000443033	0
26.75	0	0.000738388	0
26.77	0	0.000147678	0
26.79	0	0.000295355	0
26.81	0	0.000886066	0
26.83	0	0	0
26.85	0.00546407	0	0
26.87	0	0.00177213	0
26.89	0	0.00103374	0
26.91	0.0013291	0.000443033	0
26.93	0	0.00118142	0
26.95	0	0.00280588	0
26.97	0	0.00103374	0
26.99	0	0.000295355	0
27.01	0	0	0
27.03	0	0.0013291	0
27.05	0.00310123	0.00118142	0
27.07	0.00930369	0.00251052	0
27.09	0.00620246	0.00162445	0
27.11	0.00162445	0.00147678	0
27.13	0	0	0
27.15	0	0.00310123	0
27.17	0.00915602	0.0013291	0
27.19	0	0.00118142	0
27.21	0.00369194	0.000738388	0
27.23	0	0.00103374	0
27.25	0	0.0013291	0
27.27	0	0.000295355	0
27.29	0	0	0
27.31	0	0.00251052	0
27.33	0	0.000738388	0
27.35	0	0	0
27.37	0	0.00191981	0
27.39	0.00162445	0.00280588	0
27.41	0	0.000295355	0
27.43	0	0.000147678	0
27.45	0	0	0
27.47	0	0.00251052	0
27.49	0.00930369	0.00118142	0
27.51	0	0.00118142	0
27.53	0	0.0013291	0
27.55	0	0.000590711	0
27.57	0	0.000295355	0
27.59	0	0.0013291	0
27.61	0	0.000443033	0
27.63	0	0.000738388	0
27.65	0	0	0
27.67	0	0.00147678	0
27.69	0.00251052	0.000590711	0
27.71	0	0	0
27.73	0	0.00147678	0
27.75	0	0	0
27.77	0	0.000738388	0
27.79	0	0	0
27.81	0	0.000295355	0
27.83	0	0.000443033	0
27.85	0	0.00118142	0
27.87	0	0.00177213	0
27.89	0.00383962	0.000738388	0
27.91	0	0.000147678	0
27.93	0	0	0
27.95	0	0.00147678	0
27.97	0	0.0026582	0
27.99	0.00310123	0	0
28.01	0	0.00118142	0
28.03	0	0.0013291	0
28.05	0	0	0
28.07	0	0	0
28.09	0	0.000295355	0
28.11	0	0.000295355	0
28.13	0	0.00251052	0
28.15	0	0	0
28.17	0.00103374	0.00147678	0
28.19	0	0.000147678	0
28.21	0.00118142	0	0
28.23	0	0.000590711	0
28.25	0	0.00221516	0
28.27	0	0.0013291	0
28.29	0	0.00147678	0
28.31	0	0.000295355	0
28.33	0	0.000147678	0
28.35	0.00546407	0	0
28.37	0	0.000886066	0
28.39	0	0.000590711	0
28.41	0	0.000147678	0
28.43	0.00280588	0	0
28.45	0.00162445	0.000295355	0
28.47	0	0.000295355	0
28.49	0	0	0
28.51	0.00369194	0.00118142	0
28.53	0	0.000147678	0
28.55	0	0.000443033	0
28.57	0	0.00147678	0
28.59	0	0.000738388	0
28.61	0	0.000738388	0
28.63	0	0	0
28.65	0.000443033	0.000590711	0
28.67	0	0	0
28.69	0	0.00162445	0
28.71	0	0.000590711	0
28.73	0	0.000295355	0
28.75	0	0.000738388	0
28.77	0.00280588	0	0
28.79	0	0.000443033	0
28.81	0	0.00236284	0
28.83	0	0.000147678	0
28.85	0	0.00221516	0
28.87	0	0	0
28.89	0.000443033	0.00310123	0
28.91	0	0.000590711	0
28.93	0.00251052	0	0
28.95	0	0.00280588	0
28.97	0	0.0013291	0
28.99	0	0.00206749	0
29.01	0	0	0
29.03	0	0	0
29.05	0	0.000738388	0
29.07	0	0.000147678	0
29.09	0	0.00383962	0
29.11	0	0	0
29.13	0.00162445	0.000147678	0
29.15	0	0.00118142	0
29.17	0	0.000886066	0
29.19	0	0.000295355	0
29.21	0	0.0013291	0
29.23	0	0	0
29.25	0	0.0013291	0
29.27	0	0.000738388	0
29.29	0	0.00354426	0
29.31	0	0	0
29.33	0	0.000738388	0
29.35	0.00324891	0.00162445	0
29.37	0.00251052	0.00103374	0
29.39	0	0.00118142	0
29.41	0	0	0
29.43	0	0.00206749	0
29.45	0	0.000443033	0
29.47	0	0.00354426	0
29.49	0	0.000590711	0
29.51	0.0013291	0	0
29.53	0.00310123	0.000147678	0
29.55	0	0.00738388	0
29.57	0.00620246	0.00162445	0
29.59	0	0.000147678	0
29.61	0	0	0
29.63	0	0.00177213	0
29.65	0.00310123	0.00147678	0
29.67	0	0.000295355	0
29.69	0	0.00236284	0
29.71	0	0.00383962	0
29.73	0	0.00369194	0
29.75	0.000443033	0	0
29.77	0.00324891	0.00147678	0
29.79	0.000738388	0.00147678	0
29.81	0.00206749	0.000295355	0
29.83	0	0.00177213	0
29.85	0.00324891	0.00103374	0
29.87	0.0013291	0.00177213	0
29.89	0	0.00236284	0
29.91	0	0.00118142	0
29.93	0	0	0
29.95	0	0	0
29.97	0	0.000738388	0
29.99	0.00162445	0.00221516	0
30.01	0	0.000738388	0
30.03	0	0.00191981	0
30.05	0	0.000590711	0
30.07	0.00546407	0.0039873	0
30.09	0.00118142	0	0
30.11	0	0.00162445	0
30.13	0.0053164	0	0
30.15	0	0.0013291	0
30.17	0	0.00457801	0
30.19	0.000886066	0	0
30.21	0	0.0013291	0
30.23	0	0.000295355	0
30.25	0	0	0
30.27	0.000147678	0.00191981	0
30.29	0	0.000738388	0
30.31	0	0	0
30.33	0	0.00369194	0
30.35	0	0	0
30.37	0	0.000295355	0
30.39	0	0.000886066	0
30.41	0	0	0
30.43	0	0.00251052	0
30.45	0.00546407	0.00162445	0
30.47	0	0.00590711	0
30.49	0	0.00295355	0
30.51	0.00103374	0.000590711	0
30.53	0.00324891	0.00103374	0
30.55	0	0.000590711	0
30.57	0	0.000738388	0
30.59	0.00147678	0	0
30.61	0	0.00310123	0
30.63	0	0.0013291	0
30.65	0.00369194	0.000886066	0
30.67	0	0.00103374	0
30.69	0.00324891	0.000886066	0
30.71	0	0	0
30.73	0	0.000295355	0
30.75	0	0	0
30.77	0	0.000295355	0
30.79	0	0	0
30.81	0	0.00162445	0
30.83	0	0.0013291	0
30.85	0	0.000590711	0
30.87	0	0.00280588	0
30.89	0.00162445	0.0026582	0
30.91	0	0.000590711	0
30.93	0	0.00118142	0
30.95	0	0.00103374	0
30.97	0	0.00191981	0
30.99	0	0.00162445	0
31.01	0	0.000590711	0
31.03	0	0.0013291	0
31.05	0	0.000443033	0
31.07	0	0.0013291	0
31.09	0	0.00221516	0
31.11	0	0.000295355	0
31.13	0.00162445	0.00457801	0
31.15	0	0.000443033	0
31.17	0.00310123	0.00206749	0
31.19	0	0.00487336	0
31.21	0.00620246	0.000590711	0
31.23	0	0.000443033	0
31.25	0	0.00324891	0
31.27	0	0.00369194	0
31.29	0	0.000295355	0
31.31	0	0.00162445	0
31.33	0	0	0
31.35	0	0.00103374	0
31.37	0	0	0
31.39	0	0.00413497	0
31.41	0	0.00280588	0
31.43	0	0.000295355	0
31.45	0	0.000295355	0
31.47	0	0.00191981	0
31.49	0	0	0
31.51	0	0	0
31.53	0	0.00118142	0
31.55	0	0.00295355	0
31.57	0	0	0
31.59	0	0.000590711	0
31.61	0	0.000738388	0
31.63	0	0.00103374	0
31.65	0	0.000295355	0
31.67	0	0.00206749	0
31.69	0.00310123	0.00177213	0
31.71	0	0.00236284	0
31.73	0.00103374	0.00147678	0
31.75	0	0.000443033	0
31.77	0	0.00295355	0
31.79	0	0.000147678	0
31.81	0.00118142	0.00206749	0
31.83	0	0.000443033	0
31.85	0.00354426	0.00103374	0
31.87	0	0	0
31.89	0	0.00177213	0
31.91	0	0.0013291	0
31.93	0	0.000443033	0
31.95	0	0	0
31.97	0	0.00236284	0
31.99	0	0.000886066	0
32.01	0	0.000590711	0
32.03	0	0.000147678	0
32.05	0	0.000443033	0
32.07	0	0.00236284	0
32.09	0	0.000443033	0
32.11	0.00280588	0.00162445	0
32.13	0.00443033	0.000738388	0
32.15	0.00369194	0.000738388	0
32.17	0	0.000590711	0
32.19	0	0.00177213	0
32.21	0	0.000443033	0
32.23	0.000443033	0	0
32.25	0.00191981	0.000295355	0
32.27	0.00206749	0.000147678	0
32.29	0	0.000147678	0
32.31	0	0	0
32.33	0	0.00177213	0
32.35	0	0.00339659	0
32.37	0.00487336	0.000590711	0
32.39	0.00162445	0.00118142	0
32.41	0	0.000147678	0
32.43	0	0.000443033	0
32.45	0.000886066	0	0
32.47	0	0.000295355	0
32.49	0	0.0026582	0
32.51	0	0.0013291	0
32.53	0.000443033	0.000295355	0
32.55	0	0.000738388	0
32.57	0	0	0
32.59	0.000147678	0.000738388	0
32.61	0	0.00162445	0
32.63	0	0	0
32.65	0	0.00162445	0
32.67	0	0.00103374	0
32.69	0	0.000295355	0
32.71	0	0.000147678	0
32.73	0	0.00206749	0
32.75	0	0.00413497	0
32.77	0.000295355	0.00251052	0
32.79	0.00118142	0	0
32.81	0.00590711	0.00206749	0
32.83	0.000738388	0.00147678	0
32.85	0.00324891	0.000443033	0
32.87	0.00118142	0.00162445	0
32.89	0.00191981	0.000147678	0
32.91	0.00310123	0.000738388	0
32.93	0	0	0
32.95	0.00191981	0.00206749	0
32.97	0.00753156	0.000886066	0
32.99	0.00191981	0.00162445	0
33.01	0	0.000738388	0
33.03	0	0.000590711	0
33.05	0	0.000147678	0
33.07	0	0.0013291	0
33.09	0	0.000147678	0
33.11	0	0.00413497	0
33.13	0.000738388	0.000886066	0
33.15	0	0.00191981	0
33.17	0	0	0
33.19	0	0.000443033	0
33.21	0	0.000738388	0
33.23	0	0.0013291	0
33.25	0	0.0013291	0
33.27	0	0.000886066	0
33.29	0.00118142	0	0
33.31	0.00191981	0.00649782	0
33.33	0	0.000147678	0
33.35	0	0	0
33.37	0	0.00147678	0
33.39	0	0	0
33.41	0	0	0
33.43	0	0.000738388	0
33.45	0	0.000590711	0
33.47	0	0.00206749	0
33.49	0.0026582	0.00191981	0
33.51	0.00502104	0.000295355	0
33.53	0.00753156	0.00103374	0
33.55	0	0	0
33.57	0.00280588	0.000147678	0
33.59	0	0.00118142	0
33.61	0.00295355	0.000590711	0
33.63	0	0.00191981	0
33.65	0	0.0053164	0
33.67	0	0.000886066	0
33.69	0	0.00251052	0
33.71	0.00280588	0.000886066	0
33.73	0.00457801	0.00162445	0
33.75	0	0.000295355	0
33.77	0	0.000886066	0
33.79	0.00502104	0.00221516	0
33.81	0	0.000590711	0
33.83	0.00162445	0.000590711	0
33.85	0.00236284	0.00251052	0
33.87	0.00206749	0.000738388	0
33.89	0	0.00206749	0
33.91	0	0.00103374	0
33.93	0.00428265	0.00103374	0
33.95	0.00310123	0	0
33.97	0.00502104	0.000590711	0
33.99	0	0.00295355	0
34.01	0.00324891	0.000295355	0
34.03	0.00324891	0.000295355	0
34.05	0	0.000147678	0
34.07	0	0.00118142	0
34.09	0	0.00236284	0
34.11	0	0.000147678	0
34.13	0	0.00162445	0
34.15	0	0.00103374	0
34.17	0	0.000738388	0
34.19	0.00147678	0.000147678	0
34.21	0	0.000886066	0
34.23	0	0.00221516	0
34.25	0.000443033	0.00797459	0
34.27	0	0.00221516	0
34.29	0	0	0
34.31	0.000295355	0.0013291	0
34.33	0	0.000443033	0
34.35	0.00280588	0.00324891	0
34.37	0	0.0013291	0
34.39	0	0.000738388	0
34.41	0	0.000443033	0
34.43	0	0.000147678	0
34.45	0.000886066	0.000886066	0
34.47	0	0.00162445	0
34.49	0.0013291	0.0026582	0
34.51	0.00147678	0.000738388	0
34.53	0	0.00295355	0
34.55	0	0	0
34.57	0	0.000738388	0
34.59	0	0.000443033	0
34.61	0.00162445	0.000738388	0
34.63	0	0.000147678	0
34.65	0.000147678	0.00191981	0
34.67	0	0.0013291	0
34.69	0	0.00147678	0
34.71	0	0	0
34.73	0	0.000886066	0
34.75	0.00177213	0.0053164	0
34.77	0	0	0
34.79	0	0.000295355	0
34.81	0	0.00162445	0
34.83	0	0.00103374	0
34.85	0	0.00191981	0
34.87	0	0.00162445	0
34.89	0	0	0
34.91	0.0013291	0.00236284	0
34.93	0	0	0
34.95	0	0.000443033	0
34.97	0	0.000738388	0
34.99	0	0.00177213	0
35.01	0	0	0
35.03	0	0.000886066	0
35.05	0.00502104	0.00324891	0
35.07	0	0.00206749	0
35.09	0.00191981	0.00177213	0
35.11	0.000738388	0.0013291	0
35.13	0.00118142	0.000738388	0
35.15	0	0.00280588	0
35.17	0	0.00118142	0
35.19	0	0.00118142	0
35.21	0	0.00162445	0
35.23	0.0013291	0.000443033	0
35.25	0	0.00103374	0
35.27	0.00310123	0.000443033	0
35.29	0	0.000590711	0
35.31	0.000738388	0.0013291	0
35.33	0.0106328	0.000295355	0
35.35	0	0.00339659	0
35.37	0.0026582	0.00236284	0
35.39	0.0053164	0.00487336	0
35.41	0	0.000295355	0
35.43	0	0.00162445	0
35.45	0	0.00354426	0
35.47	0.00177213	0.000886066	0
35.49	0	0.000147678	0
35.51	0	0.000295355	0
35.53	0	0.00383962	0
35.55	0	0.00103374	0
35.57	0.000738388	0.0013291	0
35.59	0.00177213	0.000590711	0
35.61	0.000738388	0.00103374	0
35.63	0	0.000886066	0
35.65	0.00191981	0.000443033	0
35.67	0.00118142	0.00206749	0
35.69	0.0039873	0.0053164	0
35.71	0	0.000886066	0
35.73	0.00502104	0.000738388	0
35.75	0	0.00177213	0
35.77	0.00561175	0.00974673	0
35.79	0.0026582	0.00162445	0
35.81	0.0026582	0.00147678	0
35.83	0	0.000295355	0
35.85	0.00782692	0.00118142	0
35.87	0.00502104	0.0026582	0
35.89	0.00177213	0.00147678	0
35.91	0.00679317	0.00251052	0
35.93	0	0	0
35.95	0.00339659	0	0
35.97	0.00443033	0.000590711	0
35.99	0.0110758	0.0013291	0
36.01	0.00324891	0.00177213	0
36.03	0.0026582	0	0
36.05	0.0053164	0.00177213	0
36.07	0.000295355	0.00561175	0
36.09	0.0110758	0.000738388	0
36.11	0.00812227	0	0
36.13	0.0013291	0	0
36.15	0.00118142	0.000443033	0
36.17	0.00575943	0.00679317	0
36.19	0.00191981	0.000147678	0
36.21	0	0	0
36.23	0.0013291	0.00280588	0
36.25	0.000443033	0.00103374	0
36.27	0.000295355	0	0
36.29	0.00310123	0	0
36.31	0.00295355	0.000590711	0
36.33	0.00694085	0.000590711	0
36.35	0.00177213	0.00118142	0
36.37	0.00177213	0	0
36.39	0.00206749	0.000295355	0
36.41	0.00177213	0.000295355	0
36.43	0.00280588	0.000443033	0
36.45	0.00502104	0.000590711	0
36.47	0.00502104	0.00295355	0
36.49	0	0.000443033	0
36.51	0.00162445	0.000295355	0
36.53	0.00118142	0.00251052	0
36.55	0	0.000738388	0
36.57	0.00428265	0	0
36.59	0	0.000147678	0
36.61	0	0.00191981	0
36.63	0	0.000886066	0
36.65	0.00546407	0	0
36.67	0	0.00516872	0
36.69	0.00206749	0.000443033	0
36.71	0	0.000147678	0
36.73	0.00413497	0.000738388	0
36.75	0.0026582	0.00236284	0
36.77	0	0.00206749	0
36.79	0	0	0
36.81	0.00502104	0.000147678	0
36.83	0.0026582	0.00221516	0
36.85	0.00191981	0.00147678	0
36.87	0	0.00487336	0
36.89	0.0039873	0.000443033	0
36.91	0	0.000147678	0
36.93	0	0.00413497	0
36.95	0	0.000738388	0
36.97	0	0	0
36.99	0.000738388	0.0026582	0
37.01	0.00177213	0.000147678	0
37.03	0.00118142	0.000147678	0
37.05	0.00191981	0.00221516	0
37.07	0.00221516	0.0026582	0
37.09	0.000147678	0.000590711	0
37.11	0	0.00546407	0
37.13	0.0026582	0.00310123	0
37.15	0	0.00103374	0
37.17	0.00177213	0	0
37.19	0	0.000590711	0
37.21	0.0013291	0.000738388	0
37.23	0.00162445	0	0
37.25	0	0.00354426	0
37.27	0.000295355	0.000295355	0
37.29	0	0.00324891	0
37.31	0	0.0039873	0
37.33	0	0	0
37.35	0	0.000147678	0
37.37	0.0013291	0.000443033	0
37.39	0	0.000295355	0
37.41	0.000738388	0	0
37.43	0.00310123	0	0
37.45	0.0013291	0	0
37.47	0	0.00280588	0
37.49	0	0.00118142	0
37.51	0.00162445	0.000443033	0
37.53	0.00177213	0.000443033	0
37.55	0	0.00118142	0
37.57	0	0.000590711	0
37.59	0.00502104	0	0
37.61	0.00900834	0.000443033	0
37.63	0	0.00487336	0
37.65	0	0.00369194	0
37.67	0.00310123	0.00191981	0
37.69	0.00324891	0.000295355	0
37.71	0.00310123	0.00295355	0
37.73	0	0.00649782	0
37.75	0	0	0
37.77	0.00886066	0.0013291	0
37.79	0	0.00147678	0
37.81	0.00443033	0.000738388	0
37.83	0.00339659	0	0
37.85	0.00767924	0.00177213	0
37.87	0.00590711	0.000886066	0
37.89	0.00457801	0.00147678	0
37.91	0	0	0
37.93	0.00708853	0.00221516	0
37.95	0	0.000443033	0
37.97	0.000738388	0	0
37.99	0.00310123	0.00147678	0
38.01	0.000738388	0.00221516	0
38.03	0.00974673	0.000886066	0
38.05	0	0.00900834	0
38.07	0.00502104	0.00147678	0
38.09	0	0.000738388	0
38.11	0	0.00191981	0
38.13	0.0013291	0.00118142	0
38.15	0	0.00162445	0
38.17	0.00428265	0.000590711	0
38.19	0.00502104	0.00797459	0
38.21	0	0.000886066	0
38.23	0	0.00103374	0
38.25	0.0085653	0.000443033	0
38.27	0	0.000886066	0
38.29	0.0026582	0.00236284	0
38.31	0.00103374	0	0
38.33	0	0.000590711	0
38.35	0.00251052	0	0
38.37	0	0.0013291	0
38.39	0.00147678	0.00812227	0
38.41	0.00206749	0.000147678	0
38.43	0.00502104	0.000295355	0
38.45	0	0.0106328	0
38.47	0.00502104	0.000443033	0
38.49	0.0013291	0.0013291	0
38.51	0	0.00103374	0
38.53	0.000295355	0.000443033	0
38.55	0	0.000295355	0
38.57	0.000738388	0.000886066	0
38.59	0.000443033	0.00118142	0
38.61	0.00162445	0.00147678	0
38.63	0	0.000738388	0
38.65	0.00310123	0	0
38.67	0.00310123	0.00590711	0
38.69	0.00649782	0.00147678	0
38.71	0.00118142	0.00177213	0
38.73	0	0.00162445	0
38.75	0.000886066	0.00797459	0
38.77	0	0.00413497	0
38.79	0	0.000443033	0
38.81	0	0.00191981	0
38.83	0	0.00280588	0
38.85	0.00502104	0.000738388	0
38.87	0.00354426	0.000147678	0
38.89	0.00177213	0.000886066	0
38.91	0	0.000295355	0
38.93	0	0.00635014	0
38.95	0	0.00339659	0
38.97	0.00251052	0	0
38.99	0	0.000886066	0
39.01	0.00782692	0.00118142	0
39.03	0.00162445	0.000295355	0
39.05	0.00561175	0.00162445	0
39.07	0.00812227	0.000886066	0
39.09	0.00664549	0.00118142	0
39.11	0	0.000147678	0
39.13	0.0013291	0	0
39.15	0.00546407	0.00339659	0
39.17	0.00280588	0.00295355	0
39.19	0.00118142	0.00177213	0
39.21	0.00694085	0.000886066	0
39.23	0	0.000295355	0
39.25	0.00147678	0.00310123	0
39.27	0	0.00177213	0
39.29	0	0	0
39.31	0.0026582	0	0
39.33	0	0.000590711	0
39.35	0.00428265	0.00324891	0
39.37	0	0.000886066	0
39.39	0	0	0
39.41	0.00310123	0	0
39.43	0.00635014	0.00191981	0
39.45	0	0.00221516	0
39.47	0	0.0013291	0
39.49	0	0.00457801	0
39.51	0	0	0
39.53	0	0.00324891	0
39.55	0.00162445	0.00310123	0
39.57	0.00206749	0.000443033	0
39.59	0	0.00162445	0
39.61	0	0.00413497	0
39.63	0	0.00383962	0
39.65	0	0.00251052	0
39.67	0.00472569	0	0
39.69	0.00502104	0.0013291	0
39.71	0.00162445	0	0
39.73	0	0.00162445	0
39.75	0.000295355	0.00472569	0
39.77	0	0	0
39.79	0	0.00502104	0
39.81	0	0.000590711	0
39.83	0.00118142	0.00191981	0
39.85	0	0.00118142	0
39.87	0.0026582	0.000295355	0
39.89	0	0.00162445	0
39.91	0	0.000295355	0
39.93	0	0.0013291	0
39.95	0.0039873	0.0013291	0
39.97	0	0.000738388	0
39.99	0.000738388	0.00339659	0
40.01	0	0.00162445	0
40.03	0	0	0
40.05	0.00310123	0	0
40.07	0	0.000590711	0
40.09	0.000147678	0.00221516	0
40.11	0.0013291	0.00236284	0
40.13	0.00708853	0.00502104	0
40.15	0.00177213	0.000295355	0
40.17	0.00118142	0.00103374	0
40.19	0.00502104	0.00354426	0
40.21	0.00162445	0.000443033	0
40.23	0	0	0
40.25	0.00310123	0.000590711	0
40.27	0.00206749	0.0013291	0
40.29	0.00147678	0.000738388	0
40.31	0.00280588	0.000295355	0
40.33	0.00280588	0.00162445	0
40.35	0.0013291	0.00590711	0
40.37	0.00339659	0	0
40.39	0.00620246	0	0
40.41	0.000738388	0.00221516	0
40.43	0	0.00206749	0
40.45	0	0.00221516	0
40.47	0.00280588	0.00177213	0
40.49	0.00310123	0	0
40.51	0	0.00177213	0
40.53	0	0.00339659	0
40.55	0.00457801	0	0
40.57	0.00871298	0.00162445	0
40.59	0	0	0
40.61	0.000738388	0.0013291	0
40.63	0.000443033	0.00516872	0
40.65	0.00118142	0.000886066	0
40.67	0.000886066	0.000886066	0
40.69	0.000147678	0.00236284	0
40.71	0	0.000147678	0
40.73	0.00620246	0.0053164	0
40.75	0.00635014	0.00118142	0
40.77	0.00310123	0.000886066	0
40.79	0.000295355	0.000147678	0
40.81	0.000295355	0.000886066	0
40.83	0	0.000443033	0
40.85	0.00590711	0	0
40.87	0	0.00103374	0
40.89	0.000295355	0.00206749	0
40.91	0	0.000295355	0
40.93	0	0.000147678	0
40.95	0.00310123	0.00177213	0
40.97	0	0	0
40.99	0.00177213	0.000590711	0
41.01	0.00635014	0	0
41.03	0.00191981	0.000443033	0
41.05	0.00310123	0.00236284	0
41.07	0.0013291	0.00118142	0
41.09	0.0013291	0.00177213	0
41.11	0.00295355	0.0013291	0
41.13	0.00708853	0.00369194	0
41.15	0.00502104	0	0
41.17	0	0.00191981	0
41.19	0.00162445	0.000738388	0
41.21	0.0026582	0	0
41.23	0.00251052	0.0013291	0
41.25	0.00280588	0.000147678	0
41.27	0	0.00428265	0
41.29	0.00339659	0.000147678	0
41.31	0	0.00103374	0
41.33	0.00310123	0	0
41.35	0.00620246	0	0
41.37	0	0.00147678	0
41.39	0.00620246	0.00236284	0
41.41	0.0026582	0.00118142	0
41.43	0.000295355	0.00280588	0
41.45	0	0.00679317	0
41.47	0.00162445	0.00251052	0
41.49	0	0.00280588	0
41.51	0	0	0
41.53	0.00295355	0	0
41.55	0	0.000295355	0
41.57	0	0.000443033	0
41.59	0	0.000590711	0
41.61	0.000443033	0.000443033	0
41.63	0.00782692	0.00280588	0
41.65	0	0.00118142	0
41.67	0	0.000295355	0
41.69	0.00147678	0.0026582	0
41.71	0.00841763	0.00206749	0
41.73	0	0.000738388	0
41.75	0.000886066	0	0
41.77	0.00635014	0.00177213	0
41.79	0	0	0
41.81	0	0	0
41.83	0	0	0
41.85	0	0.00118142	0
41.87	0.000738388	0.00177213	0
41.89	0.00428265	0.000443033	0
41.91	0	0.000147678	0
41.93	0.00605478	0.00147678	0
41.95	0	0.000590711	0
41.97	0.00147678	0.00221516	0
41.99	0.00280588	0.00103374	0
42.01	0.0110758	0	0
42.03	0.00206749	0.00295355	0
42.05	0	0.00206749	0
42.07	0.00295355	0.0026582	0
42.09	0.00886066	0.000738388	0
42.11	0.000295355	0	0
42.13	0	0.00413497	0
42.15	0.000295355	0.000590711	0
42.17	0.00635014	0.00191981	0
42.19	0.00339659	0.000590711	0
42.21	0.000295355	0.00118142	0
42.23	0.000738388	0.00162445	0
42.25	0.00310123	0.000295355	0
42.27	0.0153585	0.000738388	0
42.29	0.0013291	0.000147678	0
42.31	0	0.00221516	0
42.33	0	0.000147678	0
42.35	0	0.00354426	0
42.37	0	0.00118142	0
42.39	0	0.000590711	0
42.41	0	0.000295355	0
42.43	0.000147678	0.000886066	0
42.45	0	0.00191981	0
42.47	0	0.00236284	0
42.49	0.00310123	0.00428265	0
42.51	0	0	0
42.53	0.00457801	0.00191981	0
42.55	0	0	0
42.57	0.0013291	0.000443033	0
42.59	0	0.00206749	0
42.61	0.00428265	0.00103374	0
42.63	0	0	0
42.65	0.00280588	0.0013291	0
42.67	0.00118142	0.00354426	0
42.69	0.00871298	0.00413497	0
42.71	0.00280588	0.000590711	0
42.73	0.00428265	0.00103374	0
42.75	0	0.00280588	0
42.77	0.000738388	0.00251052	0
42.79	0	0	0
42.81	0	0.000147678	0
42.83	0	0.00103374	0
42.85	0.00162445	0	0
42.87	0	0.000443033	0
42.89	0.00162445	0.00428265	0
42.91	0.00369194	0.000590711	0
42.93	0	0	0
42.95	0.0013291	0.000738388	0
42.97	0	0.000295355	0
42.99	0	0.00118142	0
43.01	0	0.00251052	0
43.03	0.00620246	0.00177213	0
43.05	0.000295355	0.0013291	0
43.07	0	0.00723621	0
43.09	0	0.00206749	0
43.11	0	0.000590711	0
43.13	0.00369194	0.000147678	0
43.15	0	0.00191981	0
43.17	0	0.00162445	0
43.19	0	0.00383962	0
43.21	0.00487336	0.00413497	0
43.23	0.00886066	0.000590711	0
43.25	0	0.00147678	0
43.27	0	0.00118142	0
43.29	0.00280588	0.00251052	0
43.31	0.00280588	0.00206749	0
43.33	0	0.00280588	0
43.35	0.000443033	0.00369194	0
43.37	0.000147678	0.000590711	0
43.39	0	0.000886066	0
43.41	0	0.000738388	0
43.43	0	0.00251052	0
43.45	0.000295355	0	0
43.47	0	0.00191981	0
43.49	0	0.000886066	0
43.51	0	0	0
43.53	0	0.000295355	0
43.55	0	0	0
43.57	0	0.00147678	0
43.59	0.00324891	0.000886066	0
43.61	0	0.00413497	0
43.63	0.000738388	0.00147678	0
43.65	0.00487336	0.000886066	0
43.67	0.00590711	0.00177213	0
43.69	0	0.00221516	0
43.71	0	0.000590711	0
43.73	0.000443033	0.00339659	0
43.75	0	0.00191981	0
43.77	0.00472569	0.00191981	0
43.79	0	0.000886066	0
43.81	0	0.00103374	0
43.83	0.00826995	0.000738388	0
43.85	0	0.00206749	0
43.87	0.00339659	0.00221516	0
43.89	0	0.00147678	0
43.91	0	0.000295355	0
43.93	0.00221516	0.00191981	0
43.95	0	0.000295355	0
43.97	0	0.00369194	0
43.99	0	0.00413497	0
44.01	0	0.00191981	0
44.03	0	0.000886066	0
44.05	0	0.00206749	0
44.07	0.000738388	0.00339659	0
44.09	0.000443033	0	0
44.11	0.00295355	0.00103374	0
44.13	0.00428265	0.00339659	0
44.15	0.00605478	0.00295355	0
44.17	0.00251052	0.00369194	0
44.19	0	0.000147678	0
44.21	0.00251052	0.00147678	0
44.23	0.000443033	0.00354426	0
44.25	0	0.000147678	0
44.27	0.00118142	0.000590711	0
44.29	0.00118142	0.00162445	0
44.31	0.0098944	0	0
44.33	0	0	0
44.35	0	0.000886066	0
44.37	0	0.00339659	0
44.39	0.000295355	0.00147678	0
44.41	0.0013291	0.00118142	0
44.43	0	0.00561175	0
44.45	0	0	0
44.47	0	0.000295355	0
44.49	0	0.00339659	0
44.51	0.00708853	0.00191981	0
44.53	0.00280588	0.000295355	0
44.55	0.000295355	0.000886066	0
44.57	0.00487336	0.00516872	0
44.59	0	0.00324891	0
44.61	0.00767924	0	0
44.63	0.0053164	0.00295355	0
44.65	0	0.00324891	0
44.67	0	0.000590711	0
44.69	0.00310123	0.000738388	0
44.71	0	0.00177213	0
44.73	0.00162445	0.00162445	0
44.75	0.00118142	0.000590711	0
44.77	0.00295355	0.00162445	0
44.79	0.00103374	0.00206749	0
44.81	0.00502104	0.000886066	0
44.83	0.000443033	0	0
44.85	0	0.00502104	0
44.87	0	0.000590711	0
44.89	0.000443033	0.00206749	0
44.91	0.0026582	0.000295355	0
44.93	0	0.00546407	0
44.95	0.00221516	0	0
44.97	0.00206749	0.000886066	0
44.99	0	0.00295355	0
45.01	0.00679317	0.00428265	0
45.03	0.0013291	0.00369194	0
45.05	0.000886066	0.00162445	0
45.07	0	0.0013291	0
45.09	0	0.00502104	0
45.11	0.000295355	0.000886066	0
45.13	0.00324891	0.00236284	0
45.15	0	0	0
45.17	0.00738388	0.00103374	0
45.19	0	0.00118142	0
45.21	0	0.00162445	0
45.23	0.00516872	0.00147678	0
45.25	0	0.00147678	0
45.27	0	0.00206749	0
45.29	0.00354426	0.00147678	0
45.31	0.00443033	0.00147678	0
45.33	0	0.00221516	0
45.35	0.00118142	0.000295355	0
45.37	0.000443033	0	0
45.39	0.00177213	0	0
45.41	0.00280588	0.00191981	0
45.43	0.00177213	0.00118142	0
45.45	0.00679317	0.0013291	0
45.47	0.00295355	0.00206749	0
45.49	0.00280588	0	0
45.51	0.000147678	0.00236284	0
45.53	0.0098944	0.00280588	0
45.55	0.00206749	0.000443033	0
45.57	0	0.00221516	0
45.59	0.000295355	0.00103374	0
45.61	0.00546407	0.000886066	0
45.63	0	0	0
45.65	0.00753156	0.00280588	0
45.67	0.00191981	0	0
45.69	0	0.00324891	0
45.71	0	0.00383962	0
45.73	0.00605478	0.000590711	0
45.75	0.00280588	0.00502104	0
45.77	0.000147678	0	0
45.79	0	0	0
45.81	0.00575943	0.000738388	0
45.83	0.000443033	0.000886066	0
45.85	0	0.00118142	0
45.87	0.00280588	0	0
45.89	0	0.000295355	0
45.91	0	0.000886066	0
45.93	0.00280588	0.000443033	0
45.95	0.00280588	0.00472569	0
45.97	0.00103374	0.000443033	0
45.99	0.00354426	0.00103374	0
46.01	0.00310123	0.000738388	0
46.03	0.0053164	0.00354426	0
46.05	0.000295355	0.00295355	0
46.07	0	0.000295355	0
46.09	0.0109281	0.000443033	0
46.11	0.00369194	0.00162445	0
46.13	0.000147678	0.00191981	0
46.15	0.00103374	0.00177213	0
46.17	0	0.00221516	0
46.19	0.000443033	0.0013291	0
46.21	0	0.00103374	0
46.23	0.00191981	0.000590711	0
46.25	0.00339659	0.00383962	0
46.27	0	0	0
46.29	0	0	0
46.31	0.00324891	0.0013291	0
46.33	0.00310123	0.00118142	0
46.35	0	0.00206749	0
46.37	0.00206749	0.00177213	0
46.39	0.00206749	0.000738388	0
46.41	0	0.00487336	0
46.43	0.00280588	0.0013291	0
46.45	0.0013291	0	0
46.47	0.00191981	0.00118142	0
46.49	0.0146201	0.000738388	0
46.51	0.00782692	0.000886066	0
46.53	0	0.0013291	0
46.55	0.00177213	0.000738388	0
46.57	0.00443033	0.00118142	0
46.59	0	0.000886066	0
46.61	0.00118142	0.000738388	0
46.63	0.000295355	0.00206749	0
46.65	0.00575943	0.00324891	0
46.67	0	0.00147678	0
46.69	0	0.00221516	0
46.71	0.000295355	0	0
46.73	0.00280588	0.000147678	0
46.75	0.00428265	0.000443033	0
46.77	0.00162445	0.000590711	0
46.79	0.0101898	0.000738388	0
46.81	0.00797459	0.00177213	0
46.83	0.0013291	0.000738388	0
46.85	0.00324891	0.00118142	0
46.87	0	0.000590711	0
46.89	0.00295355	0.0013291	0
46.91	0.00118142	0.00236284	0
46.93	0.00280588	0.000738388	0
46.95	0.00694085	0.00177213	0
46.97	0	0.000295355	0
46.99	0.0053164	0.000886066	0
47.01	0	0.00147678	0
47.03	0.00472569	0.00472569	0
47.05	0	0.00295355	0
47.07	0	0.000738388	0
47.09	0	0	0
47.11	0.00162445	0.00177213	0
47.13	0.00221516	0	0
47.15	0.00900834	0.000295355	0
47.17	0.000295355	0.000147678	0
47.19	0.00236284	0.00295355	0
47.21	0.00339659	0.000886066	0
47.23	0.0107805	0.000738388	0
47.25	0	0.0013291	0
47.27	0.00251052	0.000147678	0
47.29	0	0	0
47.31	0.00369194	0.000295355	0
47.33	0	0.00487336	0
47.35	0.0127003	0.000738388	0
47.37	0.00561175	0.00191981	0
47.39	0.000295355	0.00118142	0
47.41	0.00413497	0.00590711	0
47.43	0.00162445	0	0
47.45	0.00767924	0.0143247	0
47.47	0.000443033	0	0
47.49	0	0.00369194	0
47.51	0.00324891	0	0
47.53	0.00886066	0	0
47.55	0	0.00147678	0
47.57	0	0.00575943	0
47.59	0.00428265	0	0
47.61	0.0026582	0.00310123	0
47.63	0	0.00324891	0
47.65	0	0.000147678	0
47.67	0.000738388	0.00251052	0
47.69	0.00930369	0.00369194	0
47.71	0	0.00177213	0
47.73	0.00206749	0	0
47.75	0.00103374	0.0013291	0
47.77	0.00812227	0	0
47.79	0.00649782	0	0
47.81	0.00694085	0.00147678	0
47.83	0	0.000147678	0
47.85	0.00753156	0.00413497	0
47.87	0.000443033	0.00295355	0
47.89	0	0	0
47.91	0.0013291	0.000147678	0
47.93	0.00280588	0	0
47.95	0.000443033	0.0013291	0
47.97	0.000886066	0.00221516	0
47.99	0.00177213	0.00162445	0
48.01	0	0.000147678	0
48.03	0.00177213	0.00118142	0
48.05	0.0013291	0.000443033	0
48.07	0	0.00162445	0
48.09	0.00177213	0.00280588	0
48.11	0.00162445	0.000886066	0
48.13	0.00280588	0.00354426	0
48.15	0.00177213	0.000886066	0
48.17	0	0.00103374	0
48.19	0.0039873	0	0
48.21	0.000443033	0.00295355	0
48.23	0.00324891	0	0
48.25	0.0100421	0.00206749	0
48.27	0.00324891	0.00177213	0
48.29	0.000886066	0.000590711	0
48.31	0	0.000295355	0
48.33	0	0	0
48.35	0	0.000886066	0
48.37	0	0.00236284	0
48.39	0.00708853	0.00295355	0
48.41	0	0.000590711	0
48.43	0.00162445	0	0
48.45	0.000443033	0.00354426	0
48.47	0.00280588	0.00428265	0
48.49	0.00280588	0.00191981	0
48.51	0	0.000295355	0
48.53	0.00280588	0.000147678	0
48.55	0.00118142	0.000295355	0
48.57	0.00295355	0.00103374	0
48.59	0.000886066	0.00221516	0
48.61	0	0.00251052	0
48.63	0	0.000295355	0
48.65	0.00162445	0.0013291	0
48.67	0.00280588	0.000147678	0
48.69	0	0.00118142	0
48.71	0.00841763	0.000590711	0
48.73	0.000147678	0.000738388	0
48.75	0	0	0
48.77	0.0013291	0.000886066	0
48.79	0	0.000738388	0
48.81	0.000147678	0.00221516	0
48.83	0	0.000295355	0
48.85	0.000590711	0.000147678	0
48.87	0	0.00251052	0
48.89	0	0.00191981	0
48.91	0.00251052	0.00191981	0
48.93	0.00280588	0.00191981	0
48.95	0.00191981	0.00221516	0
48.97	0	0.0013291	0
48.99	0.00605478	0.00177213	0
49.01	0	0	0
49.03	0	0.000147678	0
49.05	0.000295355	0.00206749	0
49.07	0	0.000295355	0
49.09	0.00413497	0	0
49.11	0	0.000738388	0
49.13	0	0.000590711	0
49.15	0	0.000886066	0
49.17	0	0.00118142	0
49.19	0	0.00354426	0
49.21	0	0.00206749	0
49.23	0	0.000295355	0
49.25	0	0.00118142	0
49.27	0	0.000590711	0
49.29	0	0.00295355	0
49.31	0.000443033	0.000590711	0
49.33	0.0013291	0.00295355	0
49.35	0.00162445	0.00118142	0
49.37	0.00324891	0.00251052	0
49.39	0	0.00221516	0
49.41	0.00738388	0.00708853	0
49.43	0	0.00339659	0
49.45	0.000886066	0	0
49.47	0.00177213	0.00103374	0
49.49	0	0.00575943	0
49.51	0.000295355	0.00310123	0
49.53	0	0.00147678	0
49.55	0	0.00251052	0
49.57	0.000295355	0.0013291	0
49.59	0	0.000295355	0
49.61	0.00162445	0.0053164	0
49.63	0	0.000443033	0
49.65	0	0.00310123	0
49.67	0.00295355	0.00310123	0
49.69	0.00206749	0.00221516	0
49.71	0	0.000443033	0
49.73	0.000147678	0.00162445	0
49.75	0	0.00251052	0
49.77	0.00191981	0.0026582	0
49.79	0.000886066	0.000147678	0
49.81	0.00118142	0.00147678	0
49.83	0.00236284	0.00147678	0
49.85	0.0039873	0.000443033	0
49.87	0	0.000886066	0
49.89	0.000443033	0	0
49.91	0.0039873	0.000443033	0
49.93	0	0.000443033	0
49.95	0	0.00369194	0
49.97	0.0013291	0.000443033	0
49.99	0	0	0
50.01	0.00575943	0.0013291	0
50.03	0	0.00147678	0
50.05	0.00118142	0.000147678	0
50.07	0.00251052	0	0
50.09	0	0.000590711	0
50.11	0.00206749	0.0013291	0
50.13	0	0.00472569	0
50.15	0	0.00177213	0
50.17	0	0.00162445	0
50.19	0	0.00147678	0
50.21	0.0013291	0.00295355	0
50.23	0	0.00147678	0
50.25	0.00162445	0	0
50.27	0	0.00103374	0
50.29	0	0.00428265	0
50.31	0	0.00280588	0
50.33	0.00280588	0.00280588	0
50.35	0	0.000295355	0
50.37	0	0.00162445	0
50.39	0.00295355	0	0
50.41	0	0.0026582	0
50.43	0	0.00206749	0
50.45	0.00280588	0.00103374	0
50.47	0	0.00841763	0
50.49	0.000295355	0.00103374	0
50.51	0	0.000738388	0
50.53	0	0.000886066	0
50.55	0	0.000443033	0
50.57	0.0013291	0.000295355	0
50.59	0	0	0
50.61	0	0.00206749	0
50.63	0	0.000443033	0
50.65	0	0.000443033	0
50.67	0	0.00162445	0
50.69	0	0.0013291	0
50.71	0.000886066	0.000590711	0
50.73	0	0.000295355	0
50.75	0	0	0
50.77	0	0.000147678	0
50.79	0	0.00147678	0
50.81	0	0.000147678	0
50.83	0.0013291	0.00339659	0
50.85	0	0.000147678	0
50.87	0	0.00191981	0
50.89	0	0	0
50.91	0	0.0013291	0
50.93	0.00251052	0.00502104	0
50.95	0	0.00310123	0
50.97	0.000295355	0	0
50.99	0	0	0
51.01	0.00280588	0	0
51.03	0	0.00177213	0
51.05	0	0.000147678	0
51.07	0.00280588	0.00369194	0
51.09	0.00162445	0.000590711	0
51.11	0.00310123	0.00221516	0
51.13	0.00280588	0.00191981	0
51.15	0	0.00428265	0
51.17	0	0	0
51.19	0.00191981	0.00221516	0
51.21	0.00251052	0.00516872	0
51.23	0	0.000147678	0
51.25	0.00103374	0.0013291	0
51.27	0	0.00147678	0
51.29	0.00162445	0.000147678	0
51.31	0.000590711	0.000295355	0
51.33	0	0.00324891	0
51.35	0.00103374	0.00177213	0
51.37	0	0.00147678	0
51.39	0	0.00191981	0
51.41	0.00280588	0.00738388	0
51.43	0	0.000295355	0
51.45	0	0.000295355	0
51.47	0.00236284	0	0
51.49	0	0.000443033	0
51.51	0.00221516	0.000295355	0
51.53	0.00280588	0	0
51.55	0	0.000443033	0
51.57	0	0.000295355	0
51.59	0.00206749	0.000443033	0
51.61	0.000295355	0	0
51.63	0.00206749	0.00797459	0
51.65	0.0026582	0.000738388	0
51.67	0.00310123	0.00339659	0
51.69	0	0.00428265	0
51.71	0	0	0
51.73	0	0.000295355	0
51.75	0	0	0
51.77	0	0.000443033	0
51.79	0	0.000590711	0
51.81	0	0.00118142	0
51.83	0	0.000886066	0
51.85	0	0.000147678	0
51.87	0	0.00191981	0
51.89	0	0.000295355	0
51.91	0	0.000443033	0
51.93	0	0.000295355	0
51.95	0	0.000886066	0
51.97	0	0.0013291	0
51.99	0	0.00251052	0
52.01	0	0	0
52.03	0	0.000443033	0
52.05	0	0.0039873	0
52.07	0	0.0013291	0
52.09	0	0.00147678	0
52.11	0.00354426	0.00177213	0
52.13	0	0	0
52.15	0	0.00206749	0
52.17	0.00147678	0.000295355	0
52.19	0.00280588	0.000590711	0
52.21	0.0026582	0.00147678	0
52.23	0.00280588	0.00162445	0
52.25	0.00221516	0.000147678	0
52.27	0	0.00103374	0
52.29	0.00236284	0.00457801	0
52.31	0	0.00236284	0
52.33	0	0.00236284	0
52.35	0	0.00118142	0
52.37	0	0.0013291	0
52.39	0	0.00162445	0
52.41	0	0.00191981	0
52.43	0	0.00280588	0
52.45	0	0.00147678	0
52.47	0	0.0039873	0
52.49	0	0.000590711	0
52.51	0	0.000590711	0
52.53	0	0.000590711	0
52.55	0	0.00280588	0
52.57	0	0.000443033	0
52.59	0	0.000295355	0
52.61	0.00590711	0.00177213	0
52.63	0	0.00191981	0
52.65	0	0.000590711	0
52.67	0	0.000295355	0
52.69	0	0	0
52.71	0	0.00162445	0
52.73	0	0.0013291	0
52.75	0.00310123	0	0
52.77	0.00162445	0.000295355	0
52.79	0	0.00118142	0
52.81	0.00280588	0.00118142	0
52.83	0	0.00502104	0
52.85	0	0	0
52.87	0	0.00147678	0
52.89	0	0.000443033	0
52.91	0	0.000147678	0
52.93	0	0.0026582	0
52.95	0.00428265	0.00147678	0
52.97	0	0.000295355	0
52.99	0.00206749	0.000738388	0
53.01	0	0.0013291	0
53.03	0.00516872	0	0
53.05	0.00221516	0.00502104	0
53.07	0	0.000590711	0
53.09	0	0	0
53.11	0	0.00206749	0
53.13	0	0	0
53.15	0.00103374	0	0
53.17	0	0.000886066	0
53.19	0.00221516	0.0013291	0
53.21	0.00280588	0.00236284	0
53.23	0	0.000443033	0
53.25	0	0	0
53.27	0.00310123	0	0
53.29	0.00324891	0.000738388	0
53.31	0.000295355	0.00147678	0
53.33	0	0.00177213	0
53.35	0.00383962	0.000590711	0
53.37	0.00310123	0.00191981	0
53.39	0	0.00147678	0
53.41	0	0.000590711	0
53.43	0	0	0
53.45	0.00162445	0.000590711	0
53.47	0	0.00162445	0
53.49	0	0.000590711	0
53.51	0	0.000443033	0
53.53	0.00354426	0.000295355	0
53.55	0	0	0
53.57	0	0	0
53.59	0	0.00177213	0
53.61	0.00280588	0.000295355	0
53.63	0	0	0
53.65	0	0.00354426	0
53.67	0.00251052	0.00118142	0
53.69	0.00103374	0.000295355	0
53.71	0.00236284	0	0
53.73	0.00369194	0.000147678	0
53.75	0	0	0
53.77	0	0.000295355	0
53.79	0	0.00516872	0
53.81	0	0.000295355	0
53.83	0	0.00280588	0
53.85	0	0.00103374	0
53.87	0.00177213	0.00191981	0
53.89	0.00221516	0.0013291	0
53.91	0.0013291	0.00236284	0
53.93	0.00206749	0	0
53.95	0	0.00162445	0
53.97	0.00103374	0.00118142	0
53.99	0	0.00103374	0
54.01	0.00103374	0.000443033	0
54.03	0	0.00118142	0
54.05	0.00118142	0.000738388	0
54.07	0.00191981	0	0
54.09	0	0	0
54.11	0.00280588	0.00147678	0
54.13	0.00561175	0.000295355	0
54.15	0.00162445	0	0
54.17	0.00516872	0.000738388	0
54.19	0.00236284	0.000886066	0
54.21	0.0013291	0	0
54.23	0.000295355	0.000147678	0
54.25	0.00206749	0.00280588	0
54.27	0.000295355	0.00147678	0
54.29	0.00206749	0.000147678	0
54.31	0	0.000738388	0
54.33	0.00354426	0.000147678	0
54.35	0.000590711	0.000295355	0
54.37	0	0.00177213	0
54.39	0	0.000443033	0
54.41	0	0	0
54.43	0	0.0013291	0
54.45	0	0.000295355	0
54.47	0.0013291	0.000738388	0
54.49	0	0.00383962	0
54.51	0	0.00191981	0
54.53	0	0.000295355	0
54.55	0	0.000443033	0
54.57	0.000886066	0	0
54.59	0	0.00221516	0
54.61	0	0.000443033	0
54.63	0	0.00103374	0
54.65	0	0.000738388	0
54.67	0.00324891	0.00191981	0
54.69	0.00413497	0.00177213	0
54.71	0	0.00443033	0
54.73	0.00251052	0.00118142	0
54.75	0.000738388	0.00191981	0
54.77	0	0.00280588	0
54.79	0	0.000147678	0
54.81	0.00280588	0.00162445	0
54.83	0	0	0
54.85	0	0.000738388	0
54.87	0.000738388	0.000443033	0
54.89	0	0	0
54.91	0	0.000295355	0
54.93	0	0	0
54.95	0	0.000147678	0
54.97	0	0	0
54.99	0	0.000738388	0
55.01	0	0.000295355	0
55.03	0.00103374	0.000590711	0
55.05	0	0.00147678	0
55.07	0.0013291	0	0
55.09	0.00206749	0	0
55.11	0.00221516	0.0053164	0
55.13	0.00280588	0.000295355	0
55.15	0	0.000443033	0
55.17	0.00649782	0.000147678	0
55.19	0.000886066	0	0
55.21	0	0.00103374	0
55.23	0.00103374	0.000443033	0
55.25	0	0.00191981	0
55.27	0.00118142	0.000147678	0
55.29	0.0026582	0.000147678	0
55.31	0.00280588	0.00177213	0
55.33	0.000147678	0.00206749	0
55.35	0	0.000443033	0
55.37	0	0	0
55.39	0	0.00221516	0
55.41	0.00236284	0.000147678	0
55.43	0.00280588	0	0
55.45	0	0	0
55.47	0	0.000886066	0
55.49	0.00221516	0.00118142	0
55.51	0	0	0
55.53	0	0	0
55.55	0.0026582	0.00236284	0
55.57	0	0.000590711	0
55.59	0.00206749	0.0013291	0
55.61	0	0.0013291	0
55.63	0	0.000295355	0
55.65	0	0.00191981	0
55.67	0	0.000147678	0
55.69	0	0	0
55.71	0	0.00324891	0
55.73	0.000738388	0.00177213	0
55.75	0	0.00162445	0
55.77	0	0	0
55.79	0	0	0
55.81	0	0.000590711	0
55.83	0.000590711	0.00147678	0
55.85	0	0	0
55.87	0	0.00177213	0
55.89	0	0.000147678	0
55.91	0	0.000738388	0
55.93	0	0.00339659	0
55.95	0	0.000738388	0
55.97	0	0	0
55.99	0	0.000590711	0
56.01	0	0.0013291	0
56.03	0.00147678	0.000738388	0
56.05	0	0.0013291	0
56.07	0	0.00177213	0
56.09	0.00162445	0.00236284	0
56.11	0	0.000590711	0
56.13	0	0.000295355	0
56.15	0	0	0
56.17	0	0.000738388	0
56.19	0.00280588	0	0
56.21	0	0.000886066	0
56.23	0	0.00118142	0
56.25	0	0.000738388	0
56.27	0.0013291	0.000590711	0
56.29	0	0.00191981	0
56.31	0	0.000590711	0
56.33	0	0.00310123	0
56.35	0	0.000147678	0
56.37	0	0.000590711	0
56.39	0	0.000147678	0
56.41	0	0	0
56.43	0.00147678	0.00177213	0
56.45	0.000738388	0.000443033	0
56.47	0.00162445	0.000886066	0
56.49	0.000590711	0.000147678	0
56.51	0	0.00103374	0
56.53	0	0.000443033	0
56.55	0	0.000295355	0
56.57	0	0	0
56.59	0	0.000147678	0
56.61	0.00280588	0	0
56.63	0	0	0
56.65	0	0	0
56.67	0	0.000295355	0
56.69	0	0.00561175	0
56.71	0	0.00162445	0
56.73	0	0.000443033	0
56.75	0	0	0
56.77	0	0.000295355	0
56.79	0	0.000738388	0
56.81	0	0	0
56.83	0	0.0026582	0
56.85	0	0.000886066	0
56.87	0	0.0013291	0
56.89	0	0.00295355	0
56.91	0	0.000590711	0
56.93	0	0.00221516	0
56.95	0	0.00147678	0
56.97	0	0.00103374	0
56.99	0	0.00206749	0
57.01	0	0.000295355	0
57.03	0.0013291	0.0026582	0
57.05	0.0026582	0.000886066	0
57.07	0	0.000590711	0
57.09	0.000886066	0.000590711	0
57.11	0	0.000590711	0
57.13	0	0.000443033	0
57.15	0	0.00162445	0
57.17	0	0.00236284	0
57.19	0	0.00147678	0
57.21	0	0.00221516	0
57.23	0	0.000147678	0
57.25	0.00177213	0	0
57.27	0	0.000295355	0
57.29	0	0.000443033	0
57.31	0	0.00251052	0
57.33	0	0.000147678	0
57.35	0	0.0013291	0
57.37	0	0	0
57.39	0	0.000147678	0
57.41	0	0.000590711	0
57.43	0	0.00103374	0
57.45	0	0.000443033	0
57.47	0	0.000886066	0
57.49	0	0.00162445	0
57.51	0	0.000886066	0
57.53	0	0	0
57.55	0	0.000738388	0
57.57	0	0.000738388	0
57.59	0	0.00103374	0
57.61	0	0.000886066	0
57.63	0	0	0
57.65	0.0013291	0.000738388	0
57.67	0	0.00103374	0
57.69	0	0.000886066	0
57.71	0	0.000295355	0
57.73	0	0.00339659	0
57.75	0	0.00147678	0
57.77	0	0.00103374	0
57.79	0	0.000295355	0
57.81	0	0.0026582	0
57.83	0	0.000147678	0
57.85	0	0.00103374	0
57.87	0	0.000147678	0
57.89	0	0.000443033	0
57.91	0	0	0
57.93	0	0.000443033	0
57.95	0	0.00162445	0
57.97	0	0.000886066	0
57.99	0	0.000738388	0
58.01	0	0.00221516	0
58.03	0	0.000886066	0
58.05	0	0.000443033	0
58.07	0	0.00251052	0
58.09	0	0.000738388	0
58.11	0	0.000590711	0
58.13	0	0.00221516	0
58.15	0	0	0
58.17	0	0.00191981	0
58.19	0	0.00191981	0
58.21	0	0.00206749	0
58.23	0	0.000886066	0
58.25	0	0.00162445	0
58.27	0	0.00457801	0
58.29	0	0.000738388	0
58.31	0	0.00177213	0
58.33	0	0.00147678	0
58.35	0	0	0
58.37	0	0.0013291	0
58.39	0	0	0
58.41	0.00147678	0.000443033	0
58.43	0	0.000886066	0
58.45	0	0.00339659	0
58.47	0	0.000443033	0
58.49	0	0	0
